2.406836700439453125e+01 -1.843932151794433594e+01 -4.882812500000000000e-02 -1.559077501296997070e-01 5.539503693580627441e-02 9.737224578857421875e-01 1.564880460500717163e-01
2.385435676574707031e+01 -1.854038238525390625e+01 -6.736145168542861938e-02 -1.595306992530822754e-01 5.810868367552757263e-02 9.729251861572265625e-01 1.568117588758468628e-01
2.364113807678222656e+01 -1.864123916625976562e+01 -8.554381877183914185e-02 -1.626214534044265747e-01 5.972835421562194824e-02 9.723416566848754883e-01 1.566471457481384277e-01
2.342894935607910156e+01 -1.874247169494628906e+01 -1.032153293490409851e-01 -1.651051640510559082e-01 6.011832505464553833e-02 9.720076918601989746e-01 1.559713929891586304e-01
2.321740341186523438e+01 -1.884322738647460938e+01 -1.205407679080963135e-01 -1.669064760208129883e-01 5.914240330457687378e-02 9.719536304473876953e-01 1.547602564096450806e-01
2.300723075866699219e+01 -1.894523811340332031e+01 -1.363909840583801270e-01 -1.679489016532897949e-01 5.666395276784896851e-02 9.722021222114562988e-01 1.529884934425354004e-01
2.279782485961914062e+01 -1.904711914062500000e+01 -1.516101062297821045e-01 -1.681544184684753418e-01 5.254564434289932251e-02 9.727661609649658203e-01 1.506292074918746948e-01
2.258972358703613281e+01 -1.915013122558593750e+01 -1.651281714439392090e-01 -1.674430072307586670e-01 4.664938896894454956e-02 9.736452698707580566e-01 1.476532816886901855e-01
2.238295936584472656e+01 -1.925437545776367188e+01 -1.768365502357482910e-01 -1.657324433326721191e-01 3.883647918701171875e-02 9.748231172561645508e-01 1.440297365188598633e-01
2.218281936645507812e+01 -1.935653114318847656e+01 -1.866888403892517090e-01 -1.629723906517028809e-01 2.903769165277481079e-02 9.762527346611022949e-01 1.397400498390197754e-01
2.199045372009277344e+01 -1.945900726318359375e+01 -1.926428228616714478e-01 -1.592502593994140625e-01 1.746395230293273926e-02 9.778325557708740234e-01 1.348252892494201660e-01
2.180427169799804688e+01 -1.955840301513671875e+01 -1.977709978818893433e-01 -1.546888500452041626e-01 4.397805780172348022e-03 9.794499278068542480e-01 1.293435990810394287e-01
2.162633895874023438e+01 -1.965862655639648438e+01 -1.987194716930389404e-01 -1.494130790233612061e-01 -9.876299649477005005e-03 9.810005426406860352e-01 1.233538538217544556e-01
2.145445251464843750e+01 -1.975543785095214844e+01 -1.993078589439392090e-01 -1.435504406690597534e-01 -2.507234923541545868e-02 9.823923707008361816e-01 1.169178038835525513e-01
2.129072380065917969e+01 -1.985247421264648438e+01 -1.964160054922103882e-01 -1.372320055961608887e-01 -4.090238362550735474e-02 9.835507273674011230e-01 1.101006120443344116e-01
2.113531684875488281e+01 -1.994508934020996094e+01 -1.931018084287643433e-01 -1.305920481681823730e-01 -5.707839876413345337e-02 9.844211339950561523e-01 1.029696390032768250e-01
2.098974609375000000e+01 -2.003561973571777344e+01 -1.873998939990997314e-01 -1.237686872482299805e-01 -7.331147044897079468e-02 9.849711060523986816e-01 9.559621661901473999e-02
2.085268592834472656e+01 -2.012191200256347656e+01 -1.812499910593032837e-01 -1.169029772281646729e-01 -8.931507915258407593e-02 9.851917624473571777e-01 8.805399388074874878e-02
2.072491455078125000e+01 -2.020500183105468750e+01 -1.738494783639907837e-01 -1.101386472582817078e-01 -1.048034280538558960e-01 9.850982427597045898e-01 8.041938394308090210e-02
2.059461784362792969e+01 -2.029148101806640625e+01 -1.655956953763961792e-01 -1.036218702793121338e-01 -1.194943338632583618e-01 9.847273826599121094e-01 7.277042418718338013e-02
2.046224975585937500e+01 -2.038186264038085938e+01 -1.561901867389678955e-01 -9.750026464462280273e-02 -1.331090927124023438e-01 9.841372966766357422e-01 6.518622487783432007e-02
2.032751846313476562e+01 -2.047567176818847656e+01 -1.460327059030532837e-01 -9.192249178886413574e-02 -1.453728377819061279e-01 9.834033846855163574e-01 5.774788931012153625e-02
2.019119834899902344e+01 -2.057383346557617188e+01 -1.346819996833801270e-01 -8.703766763210296631e-02 -1.560138463973999023e-01 9.826139211654663086e-01 5.053505674004554749e-02
2.005256843566894531e+01 -2.067532157897949219e+01 -1.230548098683357239e-01 -8.299470692873001099e-02 -1.647637188434600830e-01 9.818661808967590332e-01 4.362757503986358643e-02
1.991190147399902344e+01 -2.078015899658203125e+01 -1.118432581424713135e-01 -7.986639440059661865e-02 -1.693625301122665405e-01 9.816052317619323730e-01 3.726586326956748962e-02
1.976881217956542969e+01 -2.088790893554687500e+01 -1.021282970905303955e-01 -7.784777879714965820e-02 -1.699008047580718994e-01 9.818767309188842773e-01 3.148714452981948853e-02
1.962282180786132812e+01 -2.099851608276367188e+01 -9.347473084926605225e-02 -7.721994817256927490e-02 -1.703098863363265991e-01 9.820149540901184082e-01 2.603945508599281311e-02
1.947312927246093750e+01 -2.111091423034667969e+01 -8.648376166820526123e-02 -7.808864116668701172e-02 -1.706018447875976562e-01 9.820167422294616699e-01 2.098208665847778320e-02
1.931834030151367188e+01 -2.122321701049804688e+01 -8.174011111259460449e-02 -8.055989444255828857e-02 -1.707857698202133179e-01 9.818731546401977539e-01 1.634517684578895569e-02
1.915615653991699219e+01 -2.133076095581054688e+01 -8.193725347518920898e-02 -8.458497375249862671e-02 -1.626420468091964722e-01 9.829693436622619629e-01 1.282144617289304733e-02
1.898601722717285156e+01 -2.143273544311523438e+01 -8.474121242761611938e-02 -9.014730900526046753e-02 -1.513366997241973877e-01 9.843123555183410645e-01 9.990024380385875702e-03
1.880867767333984375e+01 -2.152981376647949219e+01 -8.888061344623565674e-02 -9.707216918468475342e-02 -1.372314840555191040e-01 9.857400655746459961e-01 7.802564650774002075e-03
1.862650680541992188e+01 -2.162592315673828125e+01 -9.290893375873565674e-02 -1.051825210452079773e-01 -1.206903308629989624e-01 9.870826005935668945e-01 6.210679188370704651e-03
1.844072151184082031e+01 -2.172330093383789062e+01 -9.547912329435348511e-02 -1.142999082803726196e-01 -1.020819246768951416e-01 9.881742000579833984e-01 5.165690556168556213e-03
1.825247001647949219e+01 -2.182406044006347656e+01 -9.554931521415710449e-02 -1.242450624704360962e-01 -8.178160339593887329e-02 9.888648390769958496e-01 4.618902690708637238e-03
1.806277275085449219e+01 -2.192992210388183594e+01 -9.206115454435348511e-02 -1.348392218351364136e-01 -6.017120927572250366e-02 9.890284538269042969e-01 4.521627910435199738e-03
1.787304115295410156e+01 -2.204292106628417969e+01 -8.342529088258743286e-02 -1.459054797887802124e-01 -3.763953596353530884e-02 9.885704517364501953e-01 4.825227893888950348e-03
1.768581008911132812e+01 -2.216616249084472656e+01 -6.721679866313934326e-02 -1.572702825069427490e-01 -1.458063349127769470e-02 9.874327778816223145e-01 5.480659659951925278e-03
1.750068092346191406e+01 -2.229860115051269531e+01 -4.602294787764549255e-02 -1.687643676996231079e-01 8.607655763626098633e-03 9.855977892875671387e-01 6.439724937081336975e-03
1.731866455078125000e+01 -2.244139862060546875e+01 -2.192931994795799255e-02 -1.802245825529098511e-01 3.152662515640258789e-02 9.830904006958007812e-01 7.654272951185703278e-03
1.713938522338867188e+01 -2.259424591064453125e+01 1.301269512623548508e-03 1.914952546358108521e-01 -5.377855151891708374e-02 -9.799769520759582520e-01 -9.076965972781181335e-03
1.696395683288574219e+01 -2.275880813598632812e+01 1.689941436052322388e-02 2.024286389350891113e-01 -7.496923953294754028e-02 -9.763649702072143555e-01 -1.066137664020061493e-02
1.679401206970214844e+01 -2.293596076965332031e+01 1.423217728734016418e-02 2.128855139017105103e-01 -9.470985084772109985e-02 -9.723974466323852539e-01 -1.236241031438112259e-02
1.663313865661621094e+01 -2.312594604492187500e+01 -8.870849385857582092e-03 2.227353453636169434e-01 -1.126179993152618408e-01 -9.682491421699523926e-01 -1.413584407418966293e-02
1.648307991027832031e+01 -2.332825469970703125e+01 -4.418700933456420898e-02 2.318550795316696167e-01 -1.283183395862579346e-01 -9.641179442405700684e-01 -1.593936234712600708e-02
1.634896278381347656e+01 -2.354718208312988281e+01 -6.960327178239822388e-02 2.401281446218490601e-01 -1.414417177438735962e-01 -9.602178335189819336e-01 -1.773135736584663391e-02
1.625658226013183594e+01 -2.379202651977539062e+01 -8.337219059467315674e-02 2.474422454833984375e-01 -1.516237556934356689e-01 -9.567672014236450195e-01 -1.947193220257759094e-02
1.619293022155761719e+01 -2.405035781860351562e+01 -9.543029218912124634e-02 2.536863088607788086e-01 -1.585019379854202271e-01 -9.539782404899597168e-01 -2.112130634486675262e-02
1.614177131652832031e+01 -2.431537628173828125e+01 -1.079217493534088135e-01 2.587473392486572266e-01 -1.617124080657958984e-01 -9.520431756973266602e-01 -2.264049835503101349e-02
1.609786987304687500e+01 -2.458551216125488281e+01 -1.210546866059303284e-01 2.586238682270050049e-01 -1.612828075885772705e-01 -9.521340131759643555e-01 -2.328447997570037842e-02
1.606085205078125000e+01 -2.486035156250000000e+01 -1.349267512559890747e-01 2.584058046340942383e-01 -1.570702195167541504e-01 -9.528793692588806152e-01 -2.400467172265052795e-02
1.603237915039062500e+01 -2.513985252380371094e+01 -1.502502411603927612e-01 2.581232190132141113e-01 -1.494148671627044678e-01 -9.541655182838439941e-01 -2.481506764888763428e-02
1.602230262756347656e+01 -2.542398834228515625e+01 -1.697125136852264404e-01 2.578198909759521484e-01 -1.386673897504806519e-01 -9.558449387550354004e-01 -2.570268139243125916e-02
1.604236221313476562e+01 -2.571127319335937500e+01 -1.903753578662872314e-01 2.575468719005584717e-01 -1.251893639564514160e-01 -9.577513933181762695e-01 -2.663224563002586365e-02
1.607048797607421875e+01 -2.599921989440917969e+01 -1.959808319807052612e-01 2.573549747467041016e-01 -1.093530058860778809e-01 -9.597142338752746582e-01 -2.755109593272209167e-02
1.608415222167968750e+01 -2.628891754150390625e+01 -1.868066340684890747e-01 -2.572882175445556641e-01 9.153976291418075562e-02 9.615699648857116699e-01 2.839582599699497223e-02
1.608465194702148438e+01 -2.657943534851074219e+01 -1.697247326374053955e-01 -2.573790848255157471e-01 7.213705778121948242e-02 9.631747007369995117e-01 2.909665182232856750e-02
1.607807922363281250e+01 -2.687046623229980469e+01 -1.495172083377838135e-01 -2.576446533203125000e-01 5.153483524918556213e-02 9.644106626510620117e-01 2.958625927567481995e-02
1.606533432006835938e+01 -2.716196632385253906e+01 -1.276721209287643433e-01 -2.544141113758087158e-01 3.005602769553661346e-02 9.661706089973449707e-01 2.973891422152519226e-02
1.604696083068847656e+01 -2.745392227172851562e+01 -1.052355915307998657e-01 -2.505192756652832031e-01 8.027341216802597046e-03 9.676202535629272461e-01 2.977569028735160828e-02
1.602259826660156250e+01 -2.774625396728515625e+01 -8.307068049907684326e-02 -2.464136034250259399e-01 -1.418412756174802780e-02 9.686051607131958008e-01 2.972050756216049194e-02
1.599057102203369141e+01 -2.803870773315429688e+01 -6.216369569301605225e-02 -2.422243356704711914e-01 -3.621198982000350952e-02 9.690928459167480469e-01 2.958299592137336731e-02
1.594456100463867188e+01 -2.833021163940429688e+01 -4.471923783421516418e-02 -2.380863428115844727e-01 -5.769009143114089966e-02 9.690840840339660645e-01 2.937426418066024780e-02
1.587800884246826172e+01 -2.861861038208007812e+01 -3.224426135420799255e-02 -2.341408580541610718e-01 -7.825595140457153320e-02 9.686107635498046875e-01 2.910574711859226227e-02
1.578338718414306641e+01 -2.889990234375000000e+01 -2.583618089556694031e-02 -2.305353879928588867e-01 -9.754997491836547852e-02 9.677336215972900391e-01 2.878959849476814270e-02
1.566484355926513672e+01 -2.917277336120605469e+01 -2.364623919129371643e-02 -2.274218797683715820e-01 -1.152179092168807983e-01 9.665377736091613770e-01 2.843910269439220428e-02
1.553515815734863281e+01 -2.944117927551269531e+01 -2.242980897426605225e-02 -2.249555736780166626e-01 -1.309107393026351929e-01 9.651265740394592285e-01 2.806682884693145752e-02
1.539961624145507812e+01 -2.970717239379882812e+01 -2.153442427515983582e-02 -2.232937365770339966e-01 -1.442844420671463013e-01 9.636157751083374023e-01 2.768603712320327759e-02
1.525698661804199219e+01 -2.996985054016113281e+01 -2.154357917606830597e-02 -2.225940227508544922e-01 -1.549985557794570923e-01 9.621233344078063965e-01 2.731025591492652893e-02
1.510685920715332031e+01 -3.022748374938964844e+01 -2.476623468101024628e-02 -2.227279841899871826e-01 -1.546608060598373413e-01 9.621019959449768066e-01 2.884097024798393250e-02
1.494319820404052734e+01 -3.047735786437988281e+01 -2.955505251884460449e-02 -2.239172309637069702e-01 -1.542862653732299805e-01 9.618571996688842773e-01 2.979063242673873901e-02
1.475145435333251953e+01 -3.070657730102539062e+01 -3.706359863281250000e-02 -2.260176241397857666e-01 -1.538787782192230225e-01 9.614173769950866699e-01 3.022750094532966614e-02
1.452138519287109375e+01 -3.088830757141113281e+01 -4.613403230905532837e-02 -2.288759052753448486e-01 -1.534495353698730469e-01 9.608104228973388672e-01 3.020219504833221436e-02
1.426748180389404297e+01 -3.102462577819824219e+01 -5.464538559317588806e-02 -2.323321551084518433e-01 -1.530146300792694092e-01 9.600639343261718750e-01 2.975467592477798462e-02
1.400780963897705078e+01 -3.113694000244140625e+01 -6.205017119646072388e-02 -2.362219691276550293e-01 -1.525938361883163452e-01 9.592069387435913086e-01 2.891850844025611877e-02
1.374840068817138672e+01 -3.123561668395996094e+01 -6.844177097082138062e-02 -2.403785139322280884e-01 -1.522085368633270264e-01 9.582702517509460449e-01 2.772733941674232483e-02
1.349240970611572266e+01 -3.132779502868652344e+01 -7.420043647289276123e-02 -2.446338236331939697e-01 -1.518804579973220825e-01 9.572873711585998535e-01 2.621813118457794189e-02
1.324143791198730469e+01 -3.141555595397949219e+01 -8.054321259260177612e-02 -2.486872971057891846e-01 -1.465575397014617920e-01 9.570852518081665039e-01 2.575482800602912903e-02
1.299580860137939453e+01 -3.150054550170898438e+01 -8.708313107490539551e-02 -2.524378299713134766e-01 -1.382460147142410278e-01 9.573352336883544922e-01 2.592932805418968201e-02
1.275561237335205078e+01 -3.158398056030273438e+01 -9.331725537776947021e-02 -2.557903230190277100e-01 -1.293305754661560059e-01 9.576838016510009766e-01 2.620090916752815247e-02
1.252124500274658203e+01 -3.166703605651855469e+01 -9.913939982652664185e-02 -2.585932910442352295e-01 -1.200507357716560364e-01 9.581288099288940430e-01 2.657764777541160583e-02
1.229317378997802734e+01 -3.175100708007812500e+01 -1.044427454471588135e-01 -2.606977224349975586e-01 -1.106485202908515930e-01 9.586766362190246582e-01 2.706742659211158752e-02
1.207200908660888672e+01 -3.183741188049316406e+01 -1.090765371918678284e-01 -2.619566321372985840e-01 -1.013660430908203125e-01 9.593421816825866699e-01 2.767886780202388763e-02
1.185903930664062500e+01 -3.192908096313476562e+01 -1.127368137240409851e-01 -2.622255682945251465e-01 -9.244626760482788086e-02 9.601477384567260742e-01 2.842047810554504395e-02
1.165677261352539062e+01 -3.203050231933593750e+01 -1.148693785071372986e-01 -2.613610029220581055e-01 -8.413238078355789185e-02 9.611210227012634277e-01 2.930103801190853119e-02
1.146834945678710938e+01 -3.214537048339843750e+01 -1.149688661098480225e-01 -2.592208087444305420e-01 -7.666789740324020386e-02 9.622923731803894043e-01 3.032941557466983795e-02
1.129729175567626953e+01 -3.227577590942382812e+01 -1.126782223582267761e-01 -2.556618154048919678e-01 -7.029499113559722900e-02 9.636920690536499023e-01 3.151433542370796204e-02
1.114657211303710938e+01 -3.242154693603515625e+01 -1.078857406973838806e-01 -2.505401968955993652e-01 -6.525520235300064087e-02 9.653450846672058105e-01 3.286496177315711975e-02
1.101108455657958984e+01 -3.257438278198242188e+01 -1.015332043170928955e-01 -2.437088787555694580e-01 -6.178922206163406372e-02 9.672670364379882812e-01 3.438952192664146423e-02
1.088472747802734375e+01 -3.272786331176757812e+01 -9.434325993061065674e-02 -2.350717633962631226e-01 -6.007162481546401978e-02 9.694483280181884766e-01 3.609233349561691284e-02
1.076175880432128906e+01 -3.287700271606445312e+01 -8.673156797885894775e-02 -2.247486412525177002e-01 -6.002043932676315308e-02 9.718254804611206055e-01 3.795940428972244263e-02
1.063926219940185547e+01 -3.301931762695312500e+01 -7.889709621667861938e-02 -2.129127830266952515e-01 -6.148869544267654419e-02 9.743148088455200195e-01 3.997266292572021484e-02
1.051541328430175781e+01 -3.315298080444335938e+01 -7.099609076976776123e-02 -1.997372508049011230e-01 -6.432928144931793213e-02 9.768281579017639160e-01 4.211293160915374756e-02
1.038922977447509766e+01 -3.327661132812500000e+01 -6.316039711236953735e-02 -1.853966563940048218e-01 -6.839399039745330811e-02 9.792764782905578613e-01 4.436146467924118042e-02
1.026042366027832031e+01 -3.338916778564453125e+01 -5.549987778067588806e-02 -1.700676381587982178e-01 -7.353375107049942017e-02 9.815747737884521484e-01 4.669913649559020996e-02
1.012930488586425781e+01 -3.349004745483398438e+01 -4.810729995369911194e-02 -1.539300978183746338e-01 -7.960010319948196411e-02 9.836450815200805664e-01 4.910696297883987427e-02
9.996647834777832031e+00 -3.357918548583984375e+01 -4.104797169566154480e-02 -1.371670663356781006e-01 -8.644346892833709717e-02 9.854204654693603516e-01 5.156651884317398071e-02
9.863573074340820312e+00 -3.365735626220703125e+01 -3.434814512729644775e-02 -1.199651211500167847e-01 -9.391581267118453979e-02 9.868463873863220215e-01 5.405943840742111206e-02
9.730695724487304688e+00 -3.372417831420898438e+01 -2.811401337385177612e-02 -1.025139540433883667e-01 -1.018693447113037109e-01 9.878833889961242676e-01 5.656810104846954346e-02
9.600808143615722656e+00 -3.378417968750000000e+01 -2.222106792032718658e-02 -8.500610291957855225e-02 -1.101574823260307312e-01 9.885087013244628906e-01 5.907576158642768860e-02
9.474646568298339844e+00 -3.383886718750000000e+01 -1.663635298609733582e-02 -6.763637810945510864e-02 -1.186357960104942322e-01 9.887164831161499023e-01 6.156609207391738892e-02
9.351974487304687500e+00 -3.388735580444335938e+01 -1.148559525609016418e-02 -5.060089752078056335e-02 -1.271617114543914795e-01 9.885193109512329102e-01 6.402432918548583984e-02
9.233900070190429688e+00 -3.393219757080078125e+01 -6.671142298728227615e-03 -3.409704566001892090e-02 -1.355961561203002930e-01 9.879460334777832031e-01 6.643614172935485840e-02
9.120529174804687500e+00 -3.397370910644531250e+01 -2.196044893935322762e-03 -1.832194626331329346e-02 -1.438022702932357788e-01 9.870424866676330566e-01 6.878899037837982178e-02
9.011938095092773438e+00 -3.401204299926757812e+01 1.843261648900806904e-03 -3.472114913165569305e-03 -1.516468524932861328e-01 9.858702421188354492e-01 7.107066363096237183e-02
8.908482551574707031e+00 -3.404825973510742188e+01 5.590820219367742538e-03 1.025669649243354797e-02 -1.589995026588439941e-01 9.845025539398193359e-01 7.327039539813995361e-02
8.810142517089843750e+00 -3.408232879638671875e+01 8.848266676068305969e-03 2.267019264400005341e-02 -1.657332330942153931e-01 9.830241799354553223e-01 7.537857443094253540e-02
8.717011451721191406e+00 -3.411456680297851562e+01 1.182556152343750000e-02 3.357588127255439758e-02 -1.717230975627899170e-01 9.815269708633422852e-01 7.738593220710754395e-02
8.629335403442382812e+00 -3.414575576782226562e+01 1.429687440395355225e-02 4.278252273797988892e-02 -1.768459081649780273e-01 9.801065921783447266e-01 7.928390055894851685e-02
8.546753883361816406e+00 -3.417473220825195312e+01 1.560058537870645523e-02 5.045236274600028992e-02 -1.773255318403244019e-01 9.795241951942443848e-01 8.088490366935729980e-02
8.469885826110839844e+00 -3.420341873168945312e+01 1.664672791957855225e-02 5.627215653657913208e-02 -1.777067184448242188e-01 9.790096282958984375e-01 8.242338150739669800e-02
8.398256301879882812e+00 -3.423044967651367188e+01 1.760314963757991791e-02 6.033682823181152344e-02 -1.780067682266235352e-01 9.785810708999633789e-01 8.397694677114486694e-02
8.332089424133300781e+00 -3.425632858276367188e+01 1.841186545789241791e-02 6.274194270372390747e-02 -1.782382130622863770e-01 9.782460927963256836e-01 8.561118692159652710e-02
8.271337509155273438e+00 -3.428088760375976562e+01 1.909179612994194031e-02 6.358268857002258301e-02 -1.784088909626007080e-01 9.780038595199584961e-01 8.738265186548233032e-02
8.215730667114257812e+00 -3.430339813232421875e+01 1.973205432295799255e-02 6.295350939035415649e-02 -1.785216480493545532e-01 9.778473973274230957e-01 8.933667838573455811e-02
8.165666580200195312e+00 -3.432478332519531250e+01 2.021850459277629852e-02 6.094742566347122192e-02 -1.785746514797210693e-01 9.777638316154479980e-01 9.151109308004379272e-02
8.117959022521972656e+00 -3.434539031982421875e+01 2.067871019244194031e-02 5.765723809599876404e-02 -1.785617619752883911e-01 9.777358174324035645e-01 9.393551945686340332e-02
8.072546005249023438e+00 -3.436503219604492188e+01 2.113098092377185822e-02 5.317332595586776733e-02 -1.784731149673461914e-01 9.777432084083557129e-01 9.663331508636474609e-02
8.029654502868652344e+00 -3.438405990600585938e+01 2.084899879992008209e-02 4.786277562379837036e-02 -1.755648553371429443e-01 9.782577753067016602e-01 9.948927164077758789e-02
7.989169597625732422e+00 -3.440217208862304688e+01 1.997802779078483582e-02 4.179152101278305054e-02 -1.702830642461776733e-01 9.791488647460937500e-01 1.025898158550262451e-01
7.951011657714843750e+00 -3.441922760009765625e+01 1.889098994433879852e-02 3.491459041833877563e-02 -1.640692502260208130e-01 9.801095724105834961e-01 1.060539931058883667e-01
7.915222167968750000e+00 -3.443528366088867188e+01 1.758239790797233582e-02 2.733000367879867554e-02 -1.569234877824783325e-01 9.810940027236938477e-01 1.099214702844619751e-01
7.882056713104248047e+00 -3.445086669921875000e+01 1.598937995731830597e-02 1.913545466959476471e-02 -1.488451808691024780e-01 9.820539951324462891e-01 1.142324507236480713e-01
7.851265907287597656e+00 -3.446539306640625000e+01 1.418151799589395523e-02 1.043044589459896088e-02 -1.398345679044723511e-01 9.829396009445190430e-01 1.190255582332611084e-01
7.822869777679443359e+00 -3.447889709472656250e+01 1.216064393520355225e-02 1.314016059041023254e-03 -1.298929750919342041e-01 9.837000966072082520e-01 1.243390217423439026e-01
7.796886920928955078e+00 -3.449138259887695312e+01 9.927367791533470154e-03 -8.113795891404151917e-03 -1.190220415592193604e-01 9.842829108238220215e-01 1.302108764648437500e-01
7.773381233215332031e+00 -3.450296401977539062e+01 7.450561504811048508e-03 -1.775243319571018219e-02 -1.072246730327606201e-01 9.846354722976684570e-01 1.366775482892990112e-01
7.752355575561523438e+00 -3.451366043090820312e+01 4.742431454360485077e-03 -2.750069275498390198e-02 -9.450461715459823608e-02 9.847035408020019531e-01 1.437751799821853638e-01
7.733787536621093750e+00 -3.452339553833007812e+01 1.837158109992742538e-03 -3.725711256265640259e-02 -8.086738735437393188e-02 9.844329953193664551e-01 1.515382081270217896e-01
7.717680454254150391e+00 -3.453221130371093750e+01 -1.253051683306694031e-03 -4.693751037120819092e-02 -6.634009629487991333e-02 9.837719798088073730e-01 1.599636673927307129e-01
7.703995227813720703e+00 -3.454011917114257812e+01 -4.494628868997097015e-03 -5.652733519673347473e-02 -5.103129148483276367e-02 9.826866388320922852e-01 1.689006686210632324e-01
7.692686557769775391e+00 -3.454712677001953125e+01 -7.851562462747097015e-03 -6.602936238050460815e-02 -3.507235646247863770e-02 9.811564087867736816e-01 1.781626194715499878e-01
7.683704853057861328e+00 -3.455324172973632812e+01 -1.128540001809597015e-02 -7.544675469398498535e-02 -1.859628595411777496e-02 9.791738390922546387e-01 1.875643730163574219e-01
7.677001953125000000e+00 -3.455846023559570312e+01 -1.476196292787790298e-02 -8.478298783302307129e-02 -1.737782731652259827e-03 9.767447710037231445e-01 1.969224214553833008e-01
7.672530174255371094e+00 -3.456277465820312500e+01 -1.824523881077766418e-02 -9.404253214597702026e-02 1.536728534847497940e-02 9.738894104957580566e-01 2.060568183660507202e-01
7.670234203338623047e+00 -3.456613922119140625e+01 -2.171813882887363434e-02 -1.032303124666213989e-01 3.258315473794937134e-02 9.706425666809082031e-01 2.147899568080902100e-01
7.670083999633789062e+00 -3.456856536865234375e+01 -2.513000369071960449e-02 -1.123528480529785156e-01 4.977372288703918457e-02 9.670537710189819336e-01 2.229491323232650757e-01
7.672037124633789062e+00 -3.457001876831054688e+01 -2.845214866101741791e-02 -1.214178204536437988e-01 6.680390238761901855e-02 9.631859660148620605e-01 2.303642630577087402e-01
7.669981479644775391e+00 -3.457333755493164062e+01 -3.167236223816871643e-02 -1.304342001676559448e-01 8.354014158248901367e-02 9.591143131256103516e-01 2.368707805871963501e-01
7.663880348205566406e+00 -3.457848358154296875e+01 -3.476928547024726868e-02 -1.394126862287521362e-01 9.985066950321197510e-02 9.549246430397033691e-01 2.423071563243865967e-01
7.653697490692138672e+00 -3.458540344238281250e+01 -3.772827237844467163e-02 -1.483653485774993896e-01 1.156062036752700806e-01 9.507116079330444336e-01 2.465164065361022949e-01
7.639394283294677734e+00 -3.459405517578125000e+01 -4.053771868348121643e-02 -1.573057621717453003e-01 1.306799203157424927e-01 9.465754032135009766e-01 2.493440508842468262e-01
7.620941162109375000e+00 -3.460439300537109375e+01 -4.318969696760177612e-02 -1.662487536668777466e-01 1.449476778507232666e-01 9.426196217536926270e-01 2.506385743618011475e-01
7.598302841186523438e+00 -3.461635589599609375e+01 -4.567870870232582092e-02 -1.752101480960845947e-01 1.582878381013870239e-01 9.389472007751464844e-01 2.502493262290954590e-01
7.571441650390625000e+00 -3.462990570068359375e+01 -4.800536856055259705e-02 -1.842065900564193726e-01 1.705810725688934326e-01 9.356565475463867188e-01 2.480260282754898071e-01
7.540146350860595703e+00 -3.464461898803710938e+01 -5.025207251310348511e-02 -1.932548284530639648e-01 1.817098408937454224e-01 9.328382015228271484e-01 2.438173145055770874e-01
7.504436016082763672e+00 -3.466059112548828125e+01 -5.239440873265266418e-02 -2.023717164993286133e-01 1.915577501058578491e-01 9.305697679519653320e-01 2.374682873487472534e-01
7.464349269866943359e+00 -3.467797470092773438e+01 -5.439941212534904480e-02 -2.115725725889205933e-01 2.000089287757873535e-01 9.289104342460632324e-01 2.288204133510589600e-01
7.419595718383789062e+00 -3.469620132446289062e+01 -5.634704604744911194e-02 -2.208713889122009277e-01 2.069471925497055054e-01 9.278962612152099609e-01 2.177089303731918335e-01
7.369031906127929688e+00 -3.471412658691406250e+01 -5.785644426941871643e-02 -2.235269695520401001e-01 2.076939642429351807e-01 9.306119680404663086e-01 2.021388262510299683e-01
7.313540935516357422e+00 -3.473291778564453125e+01 -5.836486816406250000e-02 -2.277322113513946533e-01 2.030743211507797241e-01 9.345552921295166016e-01 1.830445677042007446e-01
7.252995491027832031e+00 -3.475183486938476562e+01 -5.911071598529815674e-02 -2.322747409343719482e-01 1.978625357151031494e-01 9.384624361991882324e-01 1.618237346410751343e-01
7.187950134277343750e+00 -3.477225875854492188e+01 -5.991943180561065674e-02 -2.370554506778717041e-01 1.921090036630630493e-01 9.421475529670715332e-01 1.387691348791122437e-01
7.118047714233398438e+00 -3.479312515258789062e+01 -6.094604358077049255e-02 -2.419767081737518311e-01 1.858718991279602051e-01 9.454410672187805176e-01 1.141923740506172180e-01
7.043706893920898438e+00 -3.481543350219726562e+01 -6.206542998552322388e-02 -2.469454854726791382e-01 1.792179942131042480e-01 9.481985569000244141e-01 8.842118084430694580e-02
6.964903354644775391e+00 -3.483893966674804688e+01 -6.332091987133026123e-02 -2.518741488456726074e-01 1.722222864627838135e-01 9.503053426742553711e-01 6.179558858275413513e-02
6.881900310516357422e+00 -3.486418533325195312e+01 -6.464660167694091797e-02 2.566846311092376709e-01 -1.649671047925949097e-01 -9.516812562942504883e-01 -3.466157987713813782e-02
6.794994831085205078e+00 -3.489171600341796875e+01 -6.637573242187500000e-02 2.613080739974975586e-01 -1.575412303209304810e-01 -9.522837996482849121e-01 -7.366560399532318115e-03
6.699168682098388672e+00 -3.492424392700195312e+01 -6.912780553102493286e-02 2.656872272491455078e-01 -1.500381231307983398e-01 -9.521074891090393066e-01 1.974721997976303101e-02
6.595602989196777344e+00 -3.496420669555664062e+01 -7.451660186052322388e-02 2.697765231132507324e-01 -1.425544619560241699e-01 -9.511838555335998535e-01 4.634772241115570068e-02
6.484993934631347656e+00 -3.501235198974609375e+01 -8.309508860111236572e-02 2.735419869422912598e-01 -1.351884603500366211e-01 -9.495776891708374023e-01 7.211716473102569580e-02
6.368225097656250000e+00 -3.506959533691406250e+01 -9.556823223829269409e-02 2.769607901573181152e-01 -1.280384212732315063e-01 -9.473844170570373535e-01 9.675541520118713379e-02
6.245132923126220703e+00 -3.513511657714843750e+01 -1.117529273033142090e-01 2.800202369689941406e-01 -1.212013065814971924e-01 -9.447239637374877930e-01 1.199815720319747925e-01
6.115026950836181641e+00 -3.520727920532226562e+01 -1.311779767274856567e-01 2.827163338661193848e-01 -1.147719770669937134e-01 -9.417360424995422363e-01 1.415345221757888794e-01
5.976898193359375000e+00 -3.528415298461914062e+01 -1.534197926521301270e-01 2.850518226623535156e-01 -1.088421493768692017e-01 -9.385745525360107422e-01 1.611726582050323486e-01
5.829064846038818359e+00 -3.536265563964843750e+01 -1.779022216796875000e-01 2.870346307754516602e-01 -1.034997254610061646e-01 -9.354007840156555176e-01 1.786728501319885254e-01
5.668919563293457031e+00 -3.543733215332031250e+01 -2.038165181875228882e-01 2.886764705181121826e-01 -9.882841259241104126e-02 -9.323785305023193359e-01 1.938278973102569580e-01
5.494047641754150391e+00 -3.550031280517578125e+01 -2.309265136718750000e-01 2.899893522262573242e-01 -9.490694850683212280e-02 -9.296658635139465332e-01 2.064464837312698364e-01
5.301988601684570312e+00 -3.552915573120117188e+01 -2.579583823680877686e-01 2.909851074218750000e-01 -9.180856496095657349e-02 -9.274110198020935059e-01 2.163504958152770996e-01
5.103637695312500000e+00 -3.547893905639648438e+01 -2.775237858295440674e-01 2.828517556190490723e-01 -7.992767542600631714e-02 -9.280946254730224609e-01 2.285750508308410645e-01
4.932508468627929688e+00 -3.534806823730468750e+01 -2.869836390018463135e-01 2.734934091567993164e-01 -6.815211474895477295e-02 -9.293498396873474121e-01 2.384646832942962646e-01
4.785137653350830078e+00 -3.517679214477539062e+01 -2.893609702587127686e-01 2.630909681320190430e-01 -5.654305964708328247e-02 -9.311161041259765625e-01 2.461888045072555542e-01
4.638931751251220703e+00 -3.499175643920898438e+01 -2.893090844154357910e-01 2.518216669559478760e-01 -4.515955597162246704e-02 -9.333193302154541016e-01 2.519158720970153809e-01
4.483332633972167969e+00 -3.480163574218750000e+01 -2.884539663791656494e-01 2.398599237203598022e-01 -3.405980020761489868e-02 -9.358776807785034180e-01 2.558126449584960938e-01
4.319706916809082031e+00 -3.460540008544921875e+01 -2.861236631870269775e-01 2.273792177438735962e-01 -2.330118045210838318e-02 -9.387056231498718262e-01 2.580457329750061035e-01
4.149321079254150391e+00 -3.440203094482421875e+01 -2.818212807178497314e-01 2.145524919033050537e-01 -1.294048875570297241e-02 -9.417171478271484375e-01 2.587828040122985840e-01
3.973144531250000000e+00 -3.419073104858398438e+01 -2.752465903759002686e-01 2.015533596277236938e-01 -3.034394234418869019e-03 -9.448300600051879883e-01 2.581923305988311768e-01
3.791867494583129883e+00 -3.397093963623046875e+01 -2.664337158203125000e-01 1.885561347007751465e-01 6.360542029142379761e-03 -9.479675889015197754e-01 2.564438879489898682e-01
3.606276750564575195e+00 -3.374202728271484375e+01 -2.556817531585693359e-01 1.757365018129348755e-01 1.518804579973220825e-02 -9.510611891746520996e-01 2.537094056606292725e-01
3.425204992294311523e+00 -3.351433181762695312e+01 -2.440228164196014404e-01 1.632714718580245972e-01 2.339199557900428772e-02 -9.540513157844543457e-01 2.501625120639801025e-01
3.249045372009277344e+00 -3.328755569458007812e+01 -2.317834347486495972e-01 1.513390839099884033e-01 3.091646730899810791e-02 -9.568883180618286133e-01 2.459785938262939453e-01
3.077834367752075195e+00 -3.306167602539062500e+01 -2.193334847688674927e-01 1.401186883449554443e-01 3.770587965846061707e-02 -9.595325589179992676e-01 2.413344085216522217e-01
2.911911487579345703e+00 -3.283646011352539062e+01 -2.068517953157424927e-01 1.297900974750518799e-01 4.370492696762084961e-02 -9.619538784027099609e-01 2.364085018634796143e-01
2.750153779983520508e+00 -3.261275863647460938e+01 -1.945117115974426270e-01 1.205338761210441589e-01 4.885867983102798462e-02 -9.641304612159729004e-01 2.313800305128097534e-01
2.592150926589965820e+00 -3.239085769653320312e+01 -1.823449730873107910e-01 1.125306710600852966e-01 5.311214923858642578e-02 -9.660466909408569336e-01 2.264280021190643311e-01
2.437236309051513672e+00 -3.217121887207031250e+01 -1.704071015119552612e-01 1.059612482786178589e-01 5.641082301735877991e-02 -9.676906466484069824e-01 2.217316031455993652e-01
2.284719228744506836e+00 -3.195432853698730469e+01 -1.586688160896301270e-01 1.010059490799903870e-01 5.869986489415168762e-02 -9.690505266189575195e-01 2.174696922302246094e-01
2.132070302963256836e+00 -3.174197006225585938e+01 -1.471697986125946045e-01 9.784442186355590820e-02 5.992466583847999573e-02 -9.701117277145385742e-01 2.138190120458602905e-01
1.960873961448669434e+00 -3.154944801330566406e+01 -1.394927948713302612e-01 9.665561467409133911e-02 6.002987176179885864e-02 -9.708512425422668457e-01 2.109549045562744141e-01
1.765976548194885254e+00 -3.138592529296875000e+01 -1.389440894126892090e-01 9.755965322256088257e-02 5.898210778832435608e-02 -9.712455272674560547e-01 2.090101540088653564e-01
1.565463781356811523e+00 -3.123502540588378906e+01 -1.409649699926376343e-01 1.004457175731658936e-01 5.683768540620803833e-02 -9.713057279586791992e-01 2.079553753137588501e-01
1.359870553016662598e+00 -3.109739112854003906e+01 -1.427380293607711792e-01 1.051435172557830811e-01 5.367534607648849487e-02 -9.710391163825988770e-01 2.077180147171020508e-01
1.149946212768554688e+00 -3.097329521179199219e+01 -1.435375958681106567e-01 1.114816218614578247e-01 4.957251995801925659e-02 -9.704418778419494629e-01 2.082230746746063232e-01
9.345995783805847168e-01 -3.086671066284179688e+01 -1.426068097352981567e-01 1.192873790860176086e-01 4.460635036230087280e-02 -9.695025682449340820e-01 2.093936949968338013e-01
7.155029177665710449e-01 -3.077730560302734375e+01 -1.398718208074569702e-01 1.283869594335556030e-01 3.885524719953536987e-02 -9.682055115699768066e-01 2.111516445875167847e-01
4.933910965919494629e-01 -3.070701789855957031e+01 -1.350402832031250000e-01 1.386056542396545410e-01 3.239666298031806946e-02 -9.665356874465942383e-01 2.134190499782562256e-01
2.702783048152923584e-01 -3.065374755859375000e+01 -1.285821497440338135e-01 1.497683674097061157e-01 2.531015872955322266e-02 -9.644799828529357910e-01 2.161179929971694946e-01
4.825195297598838806e-02 -3.061284446716308594e+01 -1.213952600955963135e-01 1.616995334625244141e-01 1.767503097653388977e-02 -9.620314240455627441e-01 2.191716134548187256e-01
-1.715039014816284180e-01 -3.058046531677246094e+01 -1.141937226057052612e-01 1.742240488529205322e-01 9.571963921189308167e-03 -9.591904282569885254e-01 2.225039452314376831e-01
-3.883032202720642090e-01 -3.055340766906738281e+01 -1.075793430209159851e-01 1.871672123670578003e-01 1.082412898540496826e-03 -9.559667110443115234e-01 2.260414510965347290e-01
-6.017260551452636719e-01 -3.052882766723632812e+01 -1.021173074841499329e-01 2.003556936979293823e-01 -7.711485028266906738e-03 -9.523811936378479004e-01 2.297129780054092407e-01
-8.114330768585205078e-01 -3.050398063659667969e+01 -9.840270876884460449e-02 2.136178612709045410e-01 -1.672711968421936035e-02 -9.484666585922241211e-01 2.334495782852172852e-01
-1.016970157623291016e+00 -3.047550201416015625e+01 -9.734679758548736572e-02 2.267843782901763916e-01 -2.588155493140220642e-02 -9.442679286003112793e-01 2.371856123208999634e-01
-1.217648863792419434e+00 -3.044007682800292969e+01 -9.976928681135177612e-02 2.396888434886932373e-01 -3.509195148944854736e-02 -9.398429989814758301e-01 2.408583909273147583e-01
-1.413288593292236328e+00 -3.039846038818359375e+01 -1.050317361950874329e-01 2.521678507328033447e-01 -4.427575320005416870e-02 -9.352622032165527344e-01 2.444087564945220947e-01
-1.603835463523864746e+00 -3.035153770446777344e+01 -1.123632788658142090e-01 2.640616893768310547e-01 -5.335085093975067139e-02 -9.306070208549499512e-01 2.477812618017196655e-01
-1.790634751319885254e+00 -3.029993057250976562e+01 -1.208129823207855225e-01 2.752142548561096191e-01 -6.223626434803009033e-02 -9.259706735610961914e-01 2.509228587150573730e-01
-1.973911046981811523e+00 -3.024468994140625000e+01 -1.286297589540481567e-01 2.854728996753692627e-01 -7.085170596837997437e-02 -9.214546680450439453e-01 2.537844181060791016e-01
-2.154782772064208984e+00 -3.018953323364257812e+01 -1.323278844356536865e-01 2.946887314319610596e-01 -7.911822944879531860e-02 -9.171692728996276855e-01 2.563186585903167725e-01
-2.337075233459472656e+00 -3.014066505432128906e+01 -1.273699849843978882e-01 2.952986359596252441e-01 -7.681057602167129517e-02 -9.151361584663391113e-01 2.634854316711425781e-01
-2.519826650619506836e+00 -3.010447692871093750e+01 -1.292010396718978882e-01 2.958313524723052979e-01 -7.473228126764297485e-02 -9.132608771324157715e-01 2.699138522148132324e-01
-2.700844764709472656e+00 -3.008244132995605469e+01 -1.527642756700515747e-01 2.962885200977325439e-01 -7.289852201938629150e-02 -9.115714430809020996e-01 2.755652368068695068e-01
-2.876701593399047852e+00 -3.006828880310058594e+01 -1.952245980501174927e-01 2.966724038124084473e-01 -7.132045179605484009e-02 -9.100918769836425781e-01 2.804131507873535156e-01
-3.048298358917236328e+00 -3.005632781982421875e+01 -2.448449581861495972e-01 2.969854772090911865e-01 -7.000539451837539673e-02 -9.088405966758728027e-01 2.844423949718475342e-01
-3.217309474945068359e+00 -3.004359817504882812e+01 -2.942278981208801270e-01 2.972306609153747559e-01 -6.895697861909866333e-02 -9.078311920166015625e-01 2.876476347446441650e-01
-3.384680032730102539e+00 -3.002868270874023438e+01 -3.395532071590423584e-01 2.974108755588531494e-01 -6.817566603422164917e-02 -9.070722460746765137e-01 2.900323569774627686e-01
-3.545361280441284180e+00 -3.001130485534667969e+01 -3.773498535156250000e-01 2.975288331508636475e-01 -6.765900552272796631e-02 -9.065670967102050781e-01 2.916073799133300781e-01
-3.699257612228393555e+00 -2.999114418029785156e+01 -4.065057337284088135e-01 2.975870966911315918e-01 -6.740214675664901733e-02 -9.063149690628051758e-01 2.923897802829742432e-01
-3.861528158187866211e+00 -2.996538543701171875e+01 -4.279077053070068359e-01 2.975878715515136719e-01 -6.739842891693115234e-02 -9.063113331794738770e-01 2.924012541770935059e-01
-4.031552791595458984e+00 -2.993254852294921875e+01 -4.378241002559661865e-01 2.975332140922546387e-01 -6.763950735330581665e-02 -9.065479636192321777e-01 2.916667759418487549e-01
-4.208102703094482422e+00 -2.989141845703125000e+01 -4.340661466121673584e-01 2.974245250225067139e-01 -6.811605393886566162e-02 -9.070140719413757324e-01 2.902142405509948730e-01
-4.389897346496582031e+00 -2.984142303466796875e+01 -4.183294475078582764e-01 2.972629368305206299e-01 -6.881786882877349854e-02 -9.076964855194091797e-01 2.880725562572479248e-01
-4.576054573059082031e+00 -2.978193092346191406e+01 -3.928368985652923584e-01 2.970491647720336914e-01 -6.973461806774139404e-02 -9.085808992385864258e-01 2.852707803249359131e-01
-4.766015529632568359e+00 -2.971215820312500000e+01 -3.601886034011840820e-01 2.967838048934936523e-01 -7.085552811622619629e-02 -9.096513390541076660e-01 2.818387746810913086e-01
-4.959416389465332031e+00 -2.963114356994628906e+01 -3.233349621295928955e-01 2.964668273925781250e-01 -7.217022776603698730e-02 -9.108915328979492188e-01 2.778042554855346680e-01
-5.155519962310791016e+00 -2.953675270080566406e+01 -2.860821485519409180e-01 2.960981130599975586e-01 -7.366851717233657837e-02 -9.122847914695739746e-01 2.731943726539611816e-01
-5.353867053985595703e+00 -2.942778205871582031e+01 -2.531652748584747314e-01 2.956770956516265869e-01 -7.534058392047882080e-02 -9.138140082359313965e-01 2.680348157882690430e-01
-5.554257869720458984e+00 -2.930460357666015625e+01 -2.273492366075515747e-01 2.952029407024383545e-01 -7.717751711606979370e-02 -9.154628515243530273e-01 2.623479068279266357e-01
-5.757052898406982422e+00 -2.916917228698730469e+01 -2.084893733263015747e-01 2.946745753288269043e-01 -7.917087525129318237e-02 -9.172149896621704102e-01 2.561547160148620605e-01
-5.965448856353759766e+00 -2.902353668212890625e+01 -1.938384920358657837e-01 2.886208891868591309e-01 -6.641589105129241943e-02 -9.205594062805175781e-01 2.546710669994354248e-01
-6.179548263549804688e+00 -2.887179946899414062e+01 -1.853149384260177612e-01 2.822375297546386719e-01 -5.226163566112518311e-02 -9.238896369934082031e-01 2.530588805675506592e-01
-6.403264045715332031e+00 -2.872001075744628906e+01 -1.839269995689392090e-01 2.755639851093292236e-01 -3.691749274730682373e-02 -9.271221756935119629e-01 2.512886524200439453e-01
-6.643954753875732422e+00 -2.858094978332519531e+01 -1.907635480165481567e-01 2.686435282230377197e-01 -2.059499919414520264e-02 -9.301823377609252930e-01 2.493336796760559082e-01
-6.892475605010986328e+00 -2.843997001647949219e+01 -2.000878900289535522e-01 2.615229189395904541e-01 -3.507964313030242920e-03 -9.330061674118041992e-01 2.471698969602584839e-01
-7.142277717590332031e+00 -2.828550529479980469e+01 -2.070880085229873657e-01 2.542533576488494873e-01 1.412821561098098755e-02 -9.355424642562866211e-01 2.447773516178131104e-01
-7.386955261230468750e+00 -2.811668586730957031e+01 -2.091796845197677612e-01 2.468903958797454834e-01 3.209710493683815002e-02 -9.377540349960327148e-01 2.421404868364334106e-01
-7.619806766510009766e+00 -2.793748283386230469e+01 -2.060388177633285522e-01 2.394942641258239746e-01 5.018182843923568726e-02 -9.396194815635681152e-01 2.392477393150329590e-01
-7.847375392913818359e+00 -2.775739479064941406e+01 -2.015960663557052612e-01 2.321288883686065674e-01 6.816565245389938354e-02 -9.411324858665466309e-01 2.360917776823043823e-01
-8.071630477905273438e+00 -2.757897186279296875e+01 -1.970196515321731567e-01 2.248626798391342163e-01 8.583344519138336182e-02 -9.423025250434875488e-01 2.326695770025253296e-01
-8.292302131652832031e+00 -2.740187263488769531e+01 -1.922534108161926270e-01 2.177675366401672363e-01 1.029713004827499390e-01 -9.431548714637756348e-01 2.289822697639465332e-01
-8.509264945983886719e+00 -2.722591972351074219e+01 -1.873040795326232910e-01 2.109183967113494873e-01 1.193683221936225891e-01 -9.437287449836730957e-01 2.250346541404724121e-01
-8.722680091857910156e+00 -2.705129814147949219e+01 -1.823437511920928955e-01 2.043927907943725586e-01 1.348161995410919189e-01 -9.440762996673583984e-01 2.208344191312789917e-01
-8.932680130004882812e+00 -2.687811660766601562e+01 -1.775323450565338135e-01 1.982701271772384644e-01 1.491095274686813354e-01 -9.442615509033203125e-01 2.163917869329452515e-01
-9.139343261718750000e+00 -2.670643424987792969e+01 -1.730529814958572388e-01 1.926311552524566650e-01 1.620469540357589722e-01 -9.443563818931579590e-01 2.117192298173904419e-01
-9.339257240295410156e+00 -2.653918838500976562e+01 -1.692095845937728882e-01 1.875574141740798950e-01 1.734291017055511475e-01 -9.444395899772644043e-01 2.068295925855636597e-01
-9.531766891479492188e+00 -2.637556648254394531e+01 -1.674597114324569702e-01 1.831300109624862671e-01 1.830588728189468384e-01 -9.445928335189819336e-01 2.017357498407363892e-01
-9.713610649108886719e+00 -2.621215057373046875e+01 -1.741552650928497314e-01 1.794296056032180786e-01 1.907411813735961914e-01 -9.448969960212707520e-01 1.964495033025741577e-01
-9.874250411987304688e+00 -2.604216957092285156e+01 -2.084350585937500000e-01 1.765352189540863037e-01 1.962810456752777100e-01 -9.454286098480224609e-01 1.909806132316589355e-01
-1.002164268493652344e+01 -2.587392234802246094e+01 -2.566290199756622314e-01 1.745234280824661255e-01 1.994820833206176758e-01 -9.462553858757019043e-01 1.853353381156921387e-01
-1.016212368011474609e+01 -2.571060752868652344e+01 -3.072906434535980225e-01 1.738305687904357910e-01 1.981698423624038696e-01 -9.478485584259033203e-01 1.791493594646453857e-01
-1.028747081756591797e+01 -2.554115486145019531e+01 -3.377789258956909180e-01 1.735448092222213745e-01 1.969726681709289551e-01 -9.492399096488952637e-01 1.732844412326812744e-01
-1.039818859100341797e+01 -2.536843681335449219e+01 -3.493456840515136719e-01 1.738331317901611328e-01 1.949715763330459595e-01 -9.506243467330932617e-01 1.675752103328704834e-01
-1.050209236145019531e+01 -2.520012092590332031e+01 -3.573016226291656494e-01 1.751382648944854736e-01 1.894307136535644531e-01 -9.525499343872070312e-01 1.615276634693145752e-01
-1.059848117828369141e+01 -2.503634643554687500e+01 -3.601226806640625000e-01 1.770706176757812500e-01 1.822357028722763062e-01 -9.545987248420715332e-01 1.554903388023376465e-01
-1.068962669372558594e+01 -2.487861251831054688e+01 -3.614666759967803955e-01 1.795447021722793579e-01 1.736052334308624268e-01 -9.566988348960876465e-01 1.495070010423660278e-01
-1.077668476104736328e+01 -2.472769165039062500e+01 -3.631457388401031494e-01 1.824753731489181519e-01 1.637588143348693848e-01 -9.587797522544860840e-01 1.436213254928588867e-01
-1.085965824127197266e+01 -2.458361816406250000e+01 -3.651074171066284180e-01 1.857781708240509033e-01 1.529170125722885132e-01 -9.607769846916198730e-01 1.378787904977798462e-01
-1.093678665161132812e+01 -2.444543075561523438e+01 -3.644683659076690674e-01 1.893699765205383301e-01 1.413034796714782715e-01 -9.626328945159912109e-01 1.323262751102447510e-01
-1.100978279113769531e+01 -2.431411170959472656e+01 -3.638818264007568359e-01 1.931693404912948608e-01 1.291428804397583008e-01 -9.643005132675170898e-01 1.270122379064559937e-01
-1.107884025573730469e+01 -2.418977928161621094e+01 -3.635736107826232910e-01 1.970970630645751953e-01 1.166626960039138794e-01 -9.657441973686218262e-01 1.219866871833801270e-01
-1.114398193359375000e+01 -2.407246208190917969e+01 -3.634887635707855225e-01 2.010764032602310181e-01 1.040918007493019104e-01 -9.669401049613952637e-01 1.173020154237747192e-01
-1.120522689819335938e+01 -2.396216773986816406e+01 -3.635699450969696045e-01 2.050334215164184570e-01 9.166048467159271240e-02 -9.678779840469360352e-01 1.130120381712913513e-01
-1.126260185241699219e+01 -2.385890388488769531e+01 -3.637609779834747314e-01 2.088965177536010742e-01 7.960036396980285645e-02 -9.685594439506530762e-01 1.091721281409263611e-01
-1.131614017486572266e+01 -2.376267242431640625e+01 -3.640057146549224854e-01 2.125972062349319458e-01 6.814361363649368286e-02 -9.689978361129760742e-01 1.058397591114044189e-01
-1.136586856842041016e+01 -2.367346954345703125e+01 -3.642492592334747314e-01 2.160693258047103882e-01 5.752146244049072266e-02 -9.692168831825256348e-01 1.030724644660949707e-01
-1.141145038604736328e+01 -2.359109306335449219e+01 -3.638641238212585449e-01 2.192487120628356934e-01 4.796635359525680542e-02 -9.692483544349670410e-01 1.009296104311943054e-01
-1.145323657989501953e+01 -2.351570510864257812e+01 -3.632885515689849854e-01 2.220728546380996704e-01 3.970928490161895752e-02 -9.691297411918640137e-01 9.947138279676437378e-02
-1.149134731292724609e+01 -2.344733619689941406e+01 -3.626092374324798584e-01 2.244801223278045654e-01 3.298111259937286377e-02 -9.689003229141235352e-01 9.875763952732086182e-02
-1.152581977844238281e+01 -2.338597869873046875e+01 -3.617736697196960449e-01 2.264088243246078491e-01 2.801130712032318115e-02 -9.685986638069152832e-01 9.884843975305557251e-02
-1.155666732788085938e+01 -2.333162307739257812e+01 -3.607427775859832764e-01 2.278148382902145386e-01 2.496396750211715698e-02 -9.682571887969970703e-01 9.977632015943527222e-02
-1.158387947082519531e+01 -2.328425788879394531e+01 -3.595397770404815674e-01 2.287271618843078613e-01 2.373846620321273804e-02 -9.678971767425537109e-01 1.014656797051429749e-01
-1.160741710662841797e+01 -2.324387168884277344e+01 -3.581994473934173584e-01 2.291910201311111450e-01 2.416791766881942749e-02 -9.675280451774597168e-01 1.038116365671157837e-01
-1.162724590301513672e+01 -2.321046257019042969e+01 -3.567577898502349854e-01 2.292492091655731201e-01 2.608546428382396698e-02 -9.671490788459777832e-01 1.067092567682266235e-01
-1.164332962036132812e+01 -2.318402290344238281e+01 -3.552496135234832764e-01 2.289430052042007446e-01 2.932385541498661041e-02 -9.667541384696960449e-01 1.100523918867111206e-01
-1.165563964843750000e+01 -2.316456222534179688e+01 -3.537096977233886719e-01 2.283130884170532227e-01 3.371573239564895630e-02 -9.663336873054504395e-01 1.137348935008049011e-01
-1.166412830352783203e+01 -2.315207481384277344e+01 -3.521740734577178955e-01 2.274001240730285645e-01 3.909381479024887085e-02 -9.658774733543395996e-01 1.176501587033271790e-01
-1.166876220703125000e+01 -2.314655685424804688e+01 -3.506768643856048584e-01 2.262451946735382080e-01 4.529006779193878174e-02 -9.653771519660949707e-01 1.216919571161270142e-01
-1.167091751098632812e+01 -2.314552879333496094e+01 -3.491693139076232910e-01 2.248899638652801514e-01 5.213685706257820129e-02 -9.648275971412658691e-01 1.257537901401519775e-01
-1.167315196990966797e+01 -2.314438629150390625e+01 -3.475292921066284180e-01 2.233773469924926758e-01 5.946700274944305420e-02 -9.642282724380493164e-01 1.297304332256317139e-01
-1.167568778991699219e+01 -2.314267921447753906e+01 -3.457794189453125000e-01 2.217518538236618042e-01 6.711252033710479736e-02 -9.635846614837646484e-01 1.335167437791824341e-01
-1.167848873138427734e+01 -2.314039993286132812e+01 -3.439550697803497314e-01 2.200589329004287720e-01 7.490625977516174316e-02 -9.629079699516296387e-01 1.370088309049606323e-01
-1.168152332305908203e+01 -2.313752937316894531e+01 -3.420916795730590820e-01 2.183458060026168823e-01 8.268191665410995483e-02 -9.622160792350769043e-01 1.401033103466033936e-01
-1.168476009368896484e+01 -2.313405227661132812e+01 -3.402264416217803955e-01 2.166612595319747925e-01 9.027285873889923096e-02 -9.615331888198852539e-01 1.426977515220642090e-01
-1.168816661834716797e+01 -2.312995147705078125e+01 -3.383947610855102539e-01 2.150545567274093628e-01 9.751387685537338257e-02 -9.608886241912841797e-01 1.446906924247741699e-01
-1.169171619415283203e+01 -2.312520027160644531e+01 -3.366320729255676270e-01 2.135768532752990723e-01 1.042399406433105469e-01 -9.603167772293090820e-01 1.459812223911285400e-01
-1.169537830352783203e+01 -2.311977958679199219e+01 -3.349737524986267090e-01 2.122792452573776245e-01 1.102868840098381042e-01 -9.598546624183654785e-01 1.464693546295166016e-01
-1.169912528991699219e+01 -2.311366462707519531e+01 -3.334558010101318359e-01 2.112132906913757324e-01 1.154907271265983582e-01 -9.595409631729125977e-01 1.460548192262649536e-01
-1.170706748962402344e+01 -2.309953117370605469e+01 -3.318609595298767090e-01 2.104303836822509766e-01 1.196875870227813721e-01 -9.594133496284484863e-01 1.446373462677001953e-01
-1.171917915344238281e+01 -2.307735061645507812e+01 -3.302258253097534180e-01 2.099811136722564697e-01 1.227138116955757141e-01 -9.595062732696533203e-01 1.421159803867340088e-01
-1.173543453216552734e+01 -2.304711914062500000e+01 -3.285760283470153809e-01 2.099041938781738281e-01 1.244447305798530579e-01 -9.598395228385925293e-01 1.384263336658477783e-01
-1.175586128234863281e+01 -2.300884056091308594e+01 -3.269073367118835449e-01 2.101948112249374390e-01 1.249135509133338928e-01 -9.603912830352783203e-01 1.336537450551986694e-01
-1.178048515319824219e+01 -2.296253395080566406e+01 -3.252081274986267090e-01 2.108357101678848267e-01 1.241933405399322510e-01 -9.611246585845947266e-01 1.279199570417404175e-01
-1.180933856964111328e+01 -2.290822792053222656e+01 -3.234674036502838135e-01 2.118095159530639648e-01 1.223558261990547180e-01 -9.619983434677124023e-01 1.213464438915252686e-01
-1.184244632720947266e+01 -2.284593772888183594e+01 -3.216741979122161865e-01 2.130972445011138916e-01 1.194729506969451904e-01 -9.629679322242736816e-01 1.140543073415756226e-01
-1.187983894348144531e+01 -2.277568626403808594e+01 -3.198162913322448730e-01 2.146804779767990112e-01 1.156165227293968201e-01 -9.639884829521179199e-01 1.061651408672332764e-01
-1.192154788970947266e+01 -2.269749641418457031e+01 -3.178826868534088135e-01 2.165403217077255249e-01 1.108586415648460388e-01 -9.650157690048217773e-01 9.780053794384002686e-02
-1.196759510040283203e+01 -2.261139297485351562e+01 -3.158611953258514404e-01 2.186583727598190308e-01 1.052725017070770264e-01 -9.660074114799499512e-01 8.908294886350631714e-02
-1.201801967620849609e+01 -2.251740264892578125e+01 -3.137390017509460449e-01 2.210170030593872070e-01 9.893153607845306396e-02 -9.669242501258850098e-01 8.013536036014556885e-02
-1.206747055053710938e+01 -2.242453765869140625e+01 -3.114874064922332764e-01 2.235991358757019043e-01 9.190950542688369751e-02 -9.677311182022094727e-01 7.108101248741149902e-02
-1.211616706848144531e+01 -2.233292579650878906e+01 -3.093865811824798584e-01 2.263888269662857056e-01 8.428194373846054077e-02 -9.683982133865356445e-01 6.204443797469139099e-02
-1.216417217254638672e+01 -2.224258232116699219e+01 -3.074651956558227539e-01 2.293713539838790894e-01 7.612463086843490601e-02 -9.689008593559265137e-01 5.315048247575759888e-02
-1.221151542663574219e+01 -2.215352058410644531e+01 -3.057086169719696045e-01 2.325331568717956543e-01 6.751368939876556396e-02 -9.692202806472778320e-01 4.452394694089889526e-02
-1.225822734832763672e+01 -2.206574821472167969e+01 -3.041058182716369629e-01 2.358620017766952515e-01 5.852612107992172241e-02 -9.693434834480285645e-01 3.629053384065628052e-02
-1.230434799194335938e+01 -2.197927284240722656e+01 -3.026434183120727539e-01 2.393467575311660767e-01 4.924006760120391846e-02 -9.692635536193847656e-01 2.857593819499015808e-02
-1.234990692138671875e+01 -2.189408683776855469e+01 -3.013085722923278809e-01 2.429780215024948120e-01 3.973237797617912292e-02 -9.689792394638061523e-01 2.150530926883220673e-02
-1.239494609832763672e+01 -2.181019401550292969e+01 -3.000909388065338135e-01 2.467474937438964844e-01 3.008146956562995911e-02 -9.684934616088867188e-01 1.520477421581745148e-02
-1.243949222564697266e+01 -2.172759246826171875e+01 -2.989782691001892090e-01 2.506479322910308838e-01 2.036445960402488708e-02 -9.678145647048950195e-01 9.799149818718433380e-03
-1.248357868194580078e+01 -2.164627456665039062e+01 -2.979614138603210449e-01 2.546730041503906250e-01 1.065905019640922546e-02 -9.669533371925354004e-01 5.413581617176532745e-03
-1.252724838256835938e+01 -2.156623077392578125e+01 -2.970306277275085449e-01 2.588173151016235352e-01 1.042048912495374680e-03 -9.659233093261718750e-01 2.172704320400953293e-03
-1.257053470611572266e+01 -2.148745536804199219e+01 -2.961883544921875000e-01 2.588315308094024658e-01 -8.442887105047702789e-03 -9.658854603767395020e-01 2.075179945677518845e-04
-1.261345195770263672e+01 -2.140994262695312500e+01 -2.954406738281250000e-01 2.588566243648529053e-01 -1.778590306639671326e-02 -9.657518863677978516e-01 -4.896861501038074493e-04
-1.265597629547119141e+01 -2.133369827270507812e+01 -2.947784364223480225e-01 2.589275538921356201e-01 -2.698563784360885620e-02 -9.655196666717529297e-01 -8.524861186742782593e-06
-1.269808292388916016e+01 -2.125870513916015625e+01 -2.941961586475372314e-01 2.590762078762054443e-01 -3.603569790720939636e-02 -9.651831388473510742e-01 1.556813716888427734e-03
-1.273974323272705078e+01 -2.118496704101562500e+01 -2.936920225620269775e-01 2.593296766281127930e-01 -4.492383077740669250e-02 -9.647346735000610352e-01 4.105987027287483215e-03
-1.278084468841552734e+01 -2.111243820190429688e+01 -2.933611869812011719e-01 2.597101628780364990e-01 -5.363105610013008118e-02 -9.641667604446411133e-01 7.531676441431045532e-03
-1.282145690917968750e+01 -2.104117202758789062e+01 -2.930712699890136719e-01 2.602335810661315918e-01 -6.213099136948585510e-02 -9.634733200073242188e-01 1.172057166695594788e-02
-1.286154556274414062e+01 -2.097116470336914062e+01 -2.928057909011840820e-01 2.609097361564636230e-01 -7.038986682891845703e-02 -9.626512527465820312e-01 1.655299775302410126e-02
-1.290108585357666016e+01 -2.090241622924804688e+01 -2.925476133823394775e-01 2.617407441139221191e-01 -7.836692035198211670e-02 -9.617019891738891602e-01 2.190449088811874390e-02
-1.294004631042480469e+01 -2.083492851257324219e+01 -2.922772169113159180e-01 2.627204954624176025e-01 -8.601564913988113403e-02 -9.606326818466186523e-01 2.764554135501384735e-02
-1.297839546203613281e+01 -2.076868820190429688e+01 -2.919744849205017090e-01 2.638352811336517334e-01 -9.328471124172210693e-02 -9.594565629959106445e-01 3.364448249340057373e-02
-1.301610851287841797e+01 -2.070369529724121094e+01 -2.916186451911926270e-01 2.650627195835113525e-01 -1.001202389597892761e-01 -9.581941366195678711e-01 3.976799920201301575e-02
-1.305315876007080078e+01 -2.063993835449218750e+01 -2.911889553070068359e-01 2.663731873035430908e-01 -1.064675599336624146e-01 -9.568723440170288086e-01 4.588366672396659851e-02
-1.308951663970947266e+01 -2.057740592956542969e+01 -2.906640470027923584e-01 2.677303552627563477e-01 -1.122733429074287415e-01 -9.555236697196960449e-01 5.186170712113380432e-02
-1.312515640258789062e+01 -2.051608848571777344e+01 -2.900256216526031494e-01 2.690928876399993896e-01 -1.174876317381858826e-01 -9.541857242584228516e-01 5.757718160748481750e-02
-1.316006088256835938e+01 -2.045596694946289062e+01 -2.892553508281707764e-01 2.704158723354339600e-01 -1.220661103725433350e-01 -9.528994560241699219e-01 6.291043013334274292e-02
-1.319420337677001953e+01 -2.039702796936035156e+01 -2.883386313915252686e-01 2.716535627841949463e-01 -1.259712725877761841e-01 -9.517067074775695801e-01 6.774964928627014160e-02
-1.322757339477539062e+01 -2.033926391601562500e+01 -2.872607409954071045e-01 2.727604508399963379e-01 -1.291737109422683716e-01 -9.506487250328063965e-01 7.199165225028991699e-02
-1.326014328002929688e+01 -2.028266143798828125e+01 -2.860113382339477539e-01 2.736943662166595459e-01 -1.316535621881484985e-01 -9.497642517089843750e-01 7.554110139608383179e-02
-1.329190444946289062e+01 -2.022720718383789062e+01 -2.845818996429443359e-01 2.744183540344238281e-01 -1.334005892276763916e-01 -9.490869641304016113e-01 7.831206917762756348e-02
-1.332031440734863281e+01 -2.017904281616210938e+01 -2.831921279430389404e-01 2.665298283100128174e-01 -1.341771334409713745e-01 -9.508679509162902832e-01 8.251157402992248535e-02
-1.334444808959960938e+01 -2.013817596435546875e+01 -2.820922732353210449e-01 2.576021552085876465e-01 -1.354193389415740967e-01 -9.528521299362182617e-01 8.588128536939620972e-02
-1.336434078216552734e+01 -2.010460281372070312e+01 -2.812756299972534180e-01 2.477656155824661255e-01 -1.370382308959960938e-01 -9.549834132194519043e-01 8.854063600301742554e-02
-1.338001632690429688e+01 -2.007831954956054688e+01 -2.807324230670928955e-01 2.371463328599929810e-01 -1.389470994472503662e-01 -9.572069048881530762e-01 9.061043709516525269e-02
-1.339159393310546875e+01 -2.005928611755371094e+01 -2.803021073341369629e-01 2.258031517267227173e-01 -1.403813064098358154e-01 -9.595692753791809082e-01 9.237298369407653809e-02
-1.339923286437988281e+01 -2.004742431640625000e+01 -2.796868979930877686e-01 2.137333303689956665e-01 -1.399917453527450562e-01 -9.622088074684143066e-01 9.420529752969741821e-02
-1.340279293060302734e+01 -2.004280281066894531e+01 -2.791503965854644775e-01 2.011783421039581299e-01 -1.389521807432174683e-01 -9.648965597152709961e-01 9.588589519262313843e-02
-1.340773677825927734e+01 -2.003570556640625000e+01 -2.783386111259460449e-01 1.882678121328353882e-01 -1.372406333684921265e-01 -9.675824642181396484e-01 9.749019145965576172e-02
-1.341406917572021484e+01 -2.002613449096679688e+01 -2.772515714168548584e-01 1.751328557729721069e-01 -1.348359733819961548e-01 -9.702206850051879883e-01 9.909363090991973877e-02
-1.342180156707763672e+01 -2.001409721374511719e+01 -2.758862376213073730e-01 1.619054228067398071e-01 -1.317180842161178589e-01 -9.727701544761657715e-01 1.007726192474365234e-01
-1.343093967437744141e+01 -1.999959754943847656e+01 -2.742413282394409180e-01 1.487187743186950684e-01 -1.278677731752395630e-01 -9.751949310302734375e-01 1.026034057140350342e-01
-1.344149112701416016e+01 -1.998264312744140625e+01 -2.723156809806823730e-01 1.357065141201019287e-01 -1.232669427990913391e-01 -9.774634838104248047e-01 1.046622544527053833e-01
-1.345345687866210938e+01 -1.996324539184570312e+01 -2.701074182987213135e-01 1.230029314756393433e-01 -1.178980916738510132e-01 -9.795488715171813965e-01 1.070259585976600647e-01
-1.346685791015625000e+01 -1.994141387939453125e+01 -2.676141262054443359e-01 1.107421442866325378e-01 -1.117444857954978943e-01 -9.814273118972778320e-01 1.097711101174354553e-01
-1.348169612884521484e+01 -1.991716003417968750e+01 -2.648352086544036865e-01 9.905841201543807983e-02 -1.047899201512336731e-01 -9.830783009529113770e-01 1.129745170474052429e-01
-1.349798583984375000e+01 -1.989049720764160156e+01 -2.617675662040710449e-01 8.808500319719314575e-02 -9.701845049858093262e-02 -9.844828248023986816e-01 1.167125180363655090e-01
-1.351573467254638672e+01 -1.986144065856933594e+01 -2.584429979324340820e-01 7.795450836420059204e-02 -8.841405808925628662e-02 -9.856217503547668457e-01 1.210613399744033813e-01
-1.353494358062744141e+01 -1.982999610900878906e+01 -2.550463676452636719e-01 6.879823654890060425e-02 -7.896055281162261963e-02 -9.864742755889892578e-01 1.260969936847686768e-01
-1.355564880371093750e+01 -1.979619979858398438e+01 -2.513830363750457764e-01 6.074589490890502930e-02 -6.864126026630401611e-02 -9.870167970657348633e-01 1.318949013948440552e-01
-1.357764148712158203e+01 -1.976046752929687500e+01 -2.474658191204071045e-01 5.392531678080558777e-02 -5.743875727057456970e-02 -9.872195124626159668e-01 1.385290622711181641e-01
-1.360093498229980469e+01 -1.972283554077148438e+01 -2.433044314384460449e-01 4.842703789472579956e-02 -4.535563290119171143e-02 -9.870501756668090820e-01 1.460465490818023682e-01
-1.362552452087402344e+01 -1.968331909179687500e+01 -2.389233410358428955e-01 4.420023411512374878e-02 -3.247677534818649292e-02 -9.864864945411682129e-01 1.543881297111511230e-01
-1.365138912200927734e+01 -1.964193916320800781e+01 -2.343548536300659180e-01 4.115842282772064209e-02 -1.890854164958000183e-02 -9.855084419250488281e-01 1.634667813777923584e-01
-1.367851066589355469e+01 -1.959871482849121094e+01 -2.296307384967803955e-01 3.921480476856231689e-02 -4.758021794259548187e-03 -9.840951561927795410e-01 1.731942594051361084e-01
-1.370687675476074219e+01 -1.955365371704101562e+01 -2.247851490974426270e-01 3.828196227550506592e-02 9.866760112345218658e-03 -9.822276830673217773e-01 1.834823787212371826e-01
-1.373647212982177734e+01 -1.950677108764648438e+01 -2.198535054922103882e-01 3.827223181724548340e-02 2.485693618655204773e-02 -9.798914194107055664e-01 1.942427456378936768e-01
-1.376727294921875000e+01 -1.945807075500488281e+01 -2.148706018924713135e-01 3.909768536686897278e-02 4.010294005274772644e-02 -9.770769476890563965e-01 2.053871899843215942e-01
-1.379926204681396484e+01 -1.940754890441894531e+01 -2.098693847656250000e-01 4.067046195268630981e-02 5.549449101090431213e-02 -9.737820625305175781e-01 2.168286740779876709e-01
-1.383242130279541016e+01 -1.935520172119140625e+01 -2.048858553171157837e-01 4.290235415101051331e-02 7.092182338237762451e-02 -9.700133800506591797e-01 2.284805923700332642e-01
-1.386673069000244141e+01 -1.930101966857910156e+01 -1.999487280845642090e-01 4.570576548576354980e-02 8.627425134181976318e-02 -9.657865166664123535e-01 2.402585893869400024e-01
-1.390216732025146484e+01 -1.924498748779296875e+01 -1.950897127389907837e-01 4.899330064654350281e-02 1.014426499605178833e-01 -9.611267447471618652e-01 2.520799338817596436e-01
-1.393872070312500000e+01 -1.918708610534667969e+01 -1.903344690799713135e-01 5.267830193042755127e-02 1.163180023431777954e-01 -9.560704827308654785e-01 2.638643682003021240e-01
-1.397635936737060547e+01 -1.912728691101074219e+01 -1.857073903083801270e-01 5.667503923177719116e-02 1.307926774024963379e-01 -9.506638646125793457e-01 2.755346000194549561e-01
-1.401507282257080078e+01 -1.906556129455566406e+01 -1.812280267477035522e-01 6.089848652482032776e-02 1.447615325450897217e-01 -9.449640512466430664e-01 2.870163321495056152e-01
-1.405484104156494141e+01 -1.900187873840332031e+01 -1.769140511751174927e-01 6.526538729667663574e-02 1.581202447414398193e-01 -9.390379190444946289e-01 2.982384264469146729e-01
-1.409564399719238281e+01 -1.893620491027832031e+01 -1.727777123451232910e-01 6.969344615936279297e-02 1.707671582698822021e-01 -9.329618215560913086e-01 3.091338276863098145e-01
-1.413747310638427734e+01 -1.886849594116210938e+01 -1.688275039196014404e-01 7.410195469856262207e-02 1.826032251119613647e-01 -9.268205761909484863e-01 3.196380138397216797e-01
-1.418031501770019531e+01 -1.879871940612792969e+01 -1.650695800781250000e-01 7.841185480356216431e-02 1.935312151908874512e-01 -9.207068085670471191e-01 3.296911120414733887e-01
-1.422414970397949219e+01 -1.872682952880859375e+01 -1.615063399076461792e-01 8.254574239253997803e-02 2.034564018249511719e-01 -9.147191047668457031e-01 3.392355144023895264e-01
-1.426562976837158203e+01 -1.865869522094726562e+01 -1.585839837789535522e-01 8.642742037773132324e-02 2.122857123613357544e-01 -9.089608788490295410e-01 3.482168614864349365e-01
-1.430473804473876953e+01 -1.859369087219238281e+01 -1.573626697063446045e-01 9.184084087610244751e-02 2.152810841798782349e-01 -9.046491980552673340e-01 3.561305403709411621e-01
-1.434152793884277344e+01 -1.853250885009765625e+01 -1.562139838933944702e-01 9.666546434164047241e-02 2.181095927953720093e-01 -9.005140662193298340e-01 3.635360002517700195e-01
-1.437600517272949219e+01 -1.847515487670898438e+01 -1.551373302936553955e-01 1.009202301502227783e-01 2.207666635513305664e-01 -8.965547680854797363e-01 3.704951405525207520e-01
-1.440818786621093750e+01 -1.842162895202636719e+01 -1.541314721107482910e-01 1.046286821365356445e-01 2.232514917850494385e-01 -8.927675485610961914e-01 3.770644664764404297e-01
-1.443809032440185547e+01 -1.837194061279296875e+01 -1.531945765018463135e-01 1.078180670738220215e-01 2.255660593509674072e-01 -8.891461491584777832e-01 3.832938373088836670e-01
-1.446572208404541016e+01 -1.832609367370605469e+01 -1.523272693157196045e-01 1.105183884501457214e-01 2.277150899171829224e-01 -8.856816291809082031e-01 3.892293572425842285e-01
-1.449109363555908203e+01 -1.828409385681152344e+01 -1.515301465988159180e-01 1.127621829509735107e-01 2.297054678201675415e-01 -8.823628425598144531e-01 3.949125111103057861e-01
-1.451421356201171875e+01 -1.824595069885253906e+01 -1.508020013570785522e-01 1.145837604999542236e-01 2.315462082624435425e-01 -8.791762590408325195e-01 4.003823697566986084e-01
-1.453509521484375000e+01 -1.821166419982910156e+01 -1.501440405845642090e-01 1.160192117094993591e-01 2.332479804754257202e-01 -8.761069774627685547e-01 4.056739807128906250e-01
-1.455374240875244141e+01 -1.818124580383300781e+01 -1.495580971240997314e-01 1.171058788895606995e-01 2.348231375217437744e-01 -8.731386065483093262e-01 4.108202457427978516e-01
-1.457016563415527344e+01 -1.815470123291015625e+01 -1.490441858768463135e-01 1.178821623325347900e-01 2.362856268882751465e-01 -8.702524900436401367e-01 4.158528149127960205e-01
-1.458436965942382812e+01 -1.813203620910644531e+01 -1.486041247844696045e-01 1.183870136737823486e-01 2.376507818698883057e-01 -8.674286603927612305e-01 4.208018481731414795e-01
-1.459636211395263672e+01 -1.811326026916503906e+01 -1.482391357421875000e-01 1.186598762869834900e-01 2.389353215694427490e-01 -8.646456003189086914e-01 4.256966710090637207e-01
-1.460615158081054688e+01 -1.809837913513183594e+01 -1.479504406452178955e-01 1.187409758567810059e-01 2.401573359966278076e-01 -8.618806004524230957e-01 4.305656850337982178e-01
-1.461374473571777344e+01 -1.808740234375000000e+01 -1.477404683828353882e-01 1.186706349253654480e-01 2.413362860679626465e-01 -8.591091036796569824e-01 4.354371130466461182e-01
-1.461914539337158203e+01 -1.808033943176269531e+01 -1.476104706525802612e-01 1.184894368052482605e-01 2.424929440021514893e-01 -8.563055396080017090e-01 4.403387308120727539e-01
-1.462235832214355469e+01 -1.807719612121582031e+01 -1.475628614425659180e-01 1.182381287217140198e-01 2.436495125293731689e-01 -8.534423708915710449e-01 4.452983736991882324e-01
-1.462339305877685547e+01 -1.807798385620117188e+01 -1.475988775491714478e-01 1.179576888680458069e-01 2.448296099901199341e-01 -8.504910469055175781e-01 4.503437280654907227e-01
-1.462656974792480469e+01 -1.807499885559082031e+01 -1.475561559200286865e-01 1.176889538764953613e-01 2.460582554340362549e-01 -8.474210500717163086e-01 4.555020332336425781e-01
-1.463189220428466797e+01 -1.806825065612792969e+01 -1.474365144968032837e-01 1.174734011292457581e-01 2.473623752593994141e-01 -8.442006111145019531e-01 4.608005583286285400e-01
-1.463936996459960938e+01 -1.805761146545410156e+01 -1.474603265523910522e-01 1.178234443068504333e-01 2.478992342948913574e-01 -8.410607576370239258e-01 4.661333262920379639e-01
-1.464899635314941406e+01 -1.804324531555175781e+01 -1.473529040813446045e-01 1.181515008211135864e-01 2.487538456916809082e-01 -8.376981019973754883e-01 4.716179668903350830e-01
-1.466075420379638672e+01 -1.802513313293457031e+01 -1.471209675073623657e-01 1.184617578983306885e-01 2.498891949653625488e-01 -8.341439366340637207e-01 4.772065579891204834e-01
-1.467490482330322266e+01 -1.800277709960937500e+01 -1.467590332031250000e-01 1.187593266367912292e-01 2.512678503990173340e-01 -8.304308652877807617e-01 4.828511476516723633e-01
-1.469145202636718750e+01 -1.797616577148437500e+01 -1.462731957435607910e-01 1.190488040447235107e-01 2.528533637523651123e-01 -8.265928626060485840e-01 4.885045886039733887e-01
-1.471038055419921875e+01 -1.794527626037597656e+01 -1.456689387559890747e-01 1.193353608250617981e-01 2.546093761920928955e-01 -8.226651549339294434e-01 4.941207766532897949e-01
-1.473168945312500000e+01 -1.791010093688964844e+01 -1.449505537748336792e-01 1.196241304278373718e-01 2.564998865127563477e-01 -8.186840415000915527e-01 4.996542036533355713e-01
-1.475537109375000000e+01 -1.787061882019042969e+01 -1.441223174333572388e-01 1.199210584163665771e-01 2.584894001483917236e-01 -8.146882057189941406e-01 5.050598382949829102e-01
-1.478142261505126953e+01 -1.782681274414062500e+01 -1.431890875101089478e-01 1.202314496040344238e-01 2.605428695678710938e-01 -8.107166886329650879e-01 5.102943181991577148e-01
-1.480983829498291016e+01 -1.777866935729980469e+01 -1.421545445919036865e-01 1.205613613128662109e-01 2.626258730888366699e-01 -8.068106770515441895e-01 5.153146982192993164e-01
-1.484062004089355469e+01 -1.772616958618164062e+01 -1.410223394632339478e-01 1.209167838096618652e-01 2.647042274475097656e-01 -8.030121922492980957e-01 5.200790166854858398e-01
-1.487375926971435547e+01 -1.766929626464843750e+01 -1.397955268621444702e-01 1.213042140007019043e-01 2.667440176010131836e-01 -7.993649840354919434e-01 5.245460271835327148e-01
-1.490925025939941406e+01 -1.760802078247070312e+01 -1.386309713125228882e-01 1.217296347022056580e-01 2.687126100063323975e-01 -7.959129214286804199e-01 5.286756753921508789e-01
-1.494707965850830078e+01 -1.754232788085937500e+01 -1.375891119241714478e-01 1.222002133727073669e-01 2.705763578414916992e-01 -7.927018404006958008e-01 5.324277281761169434e-01
-1.498726749420166016e+01 -1.747220611572265625e+01 -1.364843696355819702e-01 1.227222308516502380e-01 2.723028659820556641e-01 -7.897773385047912598e-01 5.357630848884582520e-01
-1.502981376647949219e+01 -1.739763832092285156e+01 -1.353210359811782837e-01 1.233073323965072632e-01 2.738525867462158203e-01 -7.871880531311035156e-01 5.386418104171752930e-01
-1.507471370697021484e+01 -1.731858825683593750e+01 -1.341284215450286865e-01 1.240361928939819336e-01 2.750861048698425293e-01 -7.850178480148315430e-01 5.410079360008239746e-01
-1.512197208404541016e+01 -1.723507499694824219e+01 -1.328607201576232910e-01 1.247866153717041016e-01 2.761586308479309082e-01 -7.832470536231994629e-01 5.428522825241088867e-01
-1.517158126831054688e+01 -1.714707946777343750e+01 -1.315155029296875000e-01 1.255558133125305176e-01 2.770497798919677734e-01 -7.819166779518127441e-01 5.441372394561767578e-01
-1.522353935241699219e+01 -1.705459022521972656e+01 -1.300927698612213135e-01 1.263407766819000244e-01 2.777393758296966553e-01 -7.810658812522888184e-01 5.448255538940429688e-01
-1.527782154083251953e+01 -1.695748329162597656e+01 -1.286114454269409180e-01 1.264890283346176147e-01 2.775048613548278809e-01 -7.811090946197509766e-01 5.448487997055053711e-01
-1.533446979522705078e+01 -1.685588836669921875e+01 -1.270873993635177612e-01 1.269108057022094727e-01 2.770798206329345703e-01 -7.815917730331420898e-01 5.442743301391601562e-01
-1.538756847381591797e+01 -1.676038742065429688e+01 -1.256835907697677612e-01 1.275759488344192505e-01 2.764872610569000244e-01 -7.824718952178955078e-01 5.431545376777648926e-01
-1.543712615966796875e+01 -1.667100715637207031e+01 -1.243975833058357239e-01 1.284545063972473145e-01 2.757490277290344238e-01 -7.837060093879699707e-01 5.415411591529846191e-01
-1.548312950134277344e+01 -1.658775520324707031e+01 -1.232977285981178284e-01 1.295166015625000000e-01 2.748858034610748291e-01 -7.852503061294555664e-01 5.394859313964843750e-01
-1.552553653717041016e+01 -1.651062011718750000e+01 -1.229632571339607239e-01 1.307328045368194580e-01 2.739185690879821777e-01 -7.870613336563110352e-01 5.370402336120605469e-01
-1.556441116333007812e+01 -1.643966102600097656e+01 -1.226745545864105225e-01 1.320736706256866455e-01 2.728680968284606934e-01 -7.890945672988891602e-01 5.342558622360229492e-01
-1.559975337982177734e+01 -1.637489700317382812e+01 -1.224285885691642761e-01 1.335105746984481812e-01 2.717549204826354980e-01 -7.913068532943725586e-01 5.311850905418395996e-01
-1.563156414031982422e+01 -1.631634140014648438e+01 -1.222216784954071045e-01 1.350148618221282959e-01 2.706005573272705078e-01 -7.936551570892333984e-01 5.278804898262023926e-01
-1.565984821319580078e+01 -1.626401710510253906e+01 -1.220489442348480225e-01 1.365580558776855469e-01 2.694275379180908203e-01 -7.960968613624572754e-01 5.243954062461853027e-01
-1.568461132049560547e+01 -1.621794319152832031e+01 -1.219079568982124329e-01 1.381128132343292236e-01 2.682581543922424316e-01 -7.985906004905700684e-01 5.207834839820861816e-01
-1.570585632324218750e+01 -1.617813491821289062e+01 -1.217950433492660522e-01 1.396514475345611572e-01 2.671164870262145996e-01 -8.010956048965454102e-01 5.170996785163879395e-01
-1.572358322143554688e+01 -1.614460945129394531e+01 -1.217053160071372986e-01 1.411470621824264526e-01 2.660272717475891113e-01 -8.035723567008972168e-01 5.133988261222839355e-01
-1.573780441284179688e+01 -1.611738395690917969e+01 -1.216357424855232239e-01 1.425731480121612549e-01 2.650161385536193848e-01 -8.059821724891662598e-01 5.097371339797973633e-01
-1.575643253326416016e+01 -1.608230781555175781e+01 -1.214910894632339478e-01 1.439033746719360352e-01 2.641095817089080811e-01 -8.082873225212097168e-01 5.061714649200439453e-01
-1.577946758270263672e+01 -1.603940010070800781e+01 -1.212683096528053284e-01 1.451115608215332031e-01 2.633354067802429199e-01 -8.104508519172668457e-01 5.027588009834289551e-01
-1.580691814422607422e+01 -1.598866748809814453e+01 -1.209570318460464478e-01 1.460776925086975098e-01 2.626740038394927979e-01 -8.124705553054809570e-01 4.995550811290740967e-01
-1.583879566192626953e+01 -1.593013668060302734e+01 -1.205609068274497986e-01 1.468960791826248169e-01 2.622146010398864746e-01 -8.142685294151306152e-01 4.966203868389129639e-01
-1.587511157989501953e+01 -1.586382675170898438e+01 -1.200775131583213806e-01 1.476113200187683105e-01 2.620198428630828857e-01 -8.157858848571777344e-01 4.940138459205627441e-01
-1.591587352752685547e+01 -1.578976058959960938e+01 -1.195025593042373657e-01 1.482137888669967651e-01 2.621254324913024902e-01 -8.169828057289123535e-01 4.917946755886077881e-01
-1.596107864379882812e+01 -1.570792961120605469e+01 -1.188244596123695374e-01 1.484382450580596924e-01 2.624264657497406006e-01 -8.179234266281127930e-01 4.899996221065521240e-01
-1.601071166992187500e+01 -1.561832141876220703e+01 -1.182726994156837463e-01 1.484456956386566162e-01 2.629599869251251221e-01 -8.185812234878540039e-01 4.886109828948974609e-01
-1.606467247009277344e+01 -1.552086734771728516e+01 -1.189977973699569702e-01 1.482692509889602661e-01 2.636818289756774902e-01 -8.189883828163146973e-01 4.875921905040740967e-01
-1.612305641174316406e+01 -1.541561031341552734e+01 -1.197802722454071045e-01 1.479409039020538330e-01 2.645481526851654053e-01 -8.191759586334228516e-01 4.869069457054138184e-01
-1.618630790710449219e+01 -1.530174064636230469e+01 -1.206365972757339478e-01 1.474932134151458740e-01 2.655136883258819580e-01 -8.191755414009094238e-01 4.865178167819976807e-01
-1.625443840026855469e+01 -1.517924118041992188e+01 -1.215777546167373657e-01 1.469579935073852539e-01 2.665334939956665039e-01 -8.190173506736755371e-01 4.863887131214141846e-01
-1.632742118835449219e+01 -1.504810142517089844e+01 -1.226123049855232239e-01 1.463675498962402344e-01 2.675619721412658691e-01 -8.187319040298461914e-01 4.864824712276458740e-01
-1.640527343750000000e+01 -1.490817356109619141e+01 -1.239318847656250000e-01 1.461874842643737793e-01 2.678252458572387695e-01 -8.185886144638061523e-01 4.866328537464141846e-01
-1.648786163330078125e+01 -1.475950145721435547e+01 -1.264331042766571045e-01 1.460964530706405640e-01 2.678748965263366699e-01 -8.184230327606201172e-01 4.869110584259033203e-01
-1.657504272460937500e+01 -1.460206890106201172e+01 -1.311969012022018433e-01 1.459589004516601562e-01 2.679498791694641113e-01 -8.181729912757873535e-01 4.873312413692474365e-01
-1.666705513000488281e+01 -1.443596076965332031e+01 -1.362231373786926270e-01 1.457840651273727417e-01 2.680450677871704102e-01 -8.178549408912658691e-01 4.878649115562438965e-01
-1.676389122009277344e+01 -1.426116943359375000e+01 -1.415130645036697388e-01 1.455815583467483521e-01 2.681550979614257812e-01 -8.174862265586853027e-01 4.884824454784393311e-01
-1.686544799804687500e+01 -1.407765865325927734e+01 -1.477349847555160522e-01 1.453607678413391113e-01 2.682747840881347656e-01 -8.170839548110961914e-01 4.891550242900848389e-01
-1.697119522094726562e+01 -1.388528251647949219e+01 -1.584948748350143433e-01 1.451315730810165405e-01 2.683989107608795166e-01 -8.166657090187072754e-01 4.898529350757598877e-01
-1.708172798156738281e+01 -1.368419170379638672e+01 -1.697412133216857910e-01 1.449036896228790283e-01 2.685219943523406982e-01 -8.162495493888854980e-01 4.905459880828857422e-01
-1.719689369201660156e+01 -1.347435474395751953e+01 -1.822711080312728882e-01 1.446871459484100342e-01 2.686387300491333008e-01 -8.158537745475769043e-01 4.912039339542388916e-01
-1.731570816040039062e+01 -1.325558471679687500e+01 -2.015887349843978882e-01 1.446141451597213745e-01 2.685417532920837402e-01 -8.155640959739685059e-01 4.917593002319335938e-01
-1.743925285339355469e+01 -1.302776718139648438e+01 -2.220928966999053955e-01 1.455854177474975586e-01 2.667504549026489258e-01 -8.158836960792541504e-01 4.919175207614898682e-01
-1.756586456298828125e+01 -1.279103851318359375e+01 -2.511419653892517090e-01 1.468979120254516602e-01 2.644427418708801270e-01 -8.164384961128234863e-01 4.918525815010070801e-01
-1.769671440124511719e+01 -1.254540824890136719e+01 -2.832019031047821045e-01 1.482315212488174438e-01 2.614035606384277344e-01 -8.173803091049194336e-01 4.915130138397216797e-01
-1.782375526428222656e+01 -1.230101776123046875e+01 -3.268072307109832764e-01 1.484020948410034180e-01 2.570185959339141846e-01 -8.191400766372680664e-01 4.908438920974731445e-01
-1.794817924499511719e+01 -1.205806159973144531e+01 -3.764556944370269775e-01 1.486428380012512207e-01 2.519459128379821777e-01 -8.212440013885498047e-01 4.898844063282012939e-01
-1.806905746459960938e+01 -1.181674194335937500e+01 -4.348413050174713135e-01 1.489459425210952759e-01 2.462682425975799561e-01 -8.236415982246398926e-01 4.886529147624969482e-01
-1.818457412719726562e+01 -1.157762336730957031e+01 -5.056506395339965820e-01 1.493039727210998535e-01 2.400685250759124756e-01 -8.262822628021240234e-01 4.871683716773986816e-01
-1.829402732849121094e+01 -1.134105968475341797e+01 -5.883105397224426270e-01 1.497097313404083252e-01 2.334299683570861816e-01 -8.291170597076416016e-01 4.854506552219390869e-01
-1.839766120910644531e+01 -1.110787296295166016e+01 -6.826068162918090820e-01 1.501558423042297363e-01 2.264367640018463135e-01 -8.320982456207275391e-01 4.835206270217895508e-01
-1.849481391906738281e+01 -1.088026618957519531e+01 -7.895324826240539551e-01 1.506358385086059570e-01 2.191733121871948242e-01 -8.351802825927734375e-01 4.813997149467468262e-01
-1.858492088317871094e+01 -1.066107749938964844e+01 -9.126898050308227539e-01 1.511431932449340820e-01 2.117254734039306641e-01 -8.383195400238037109e-01 4.791121482849121094e-01
-1.866848182678222656e+01 -1.045550251007080078e+01 -1.056630253791809082e+00 1.516721695661544800e-01 2.041791081428527832e-01 -8.414752483367919922e-01 4.766820967197418213e-01
-1.874853515625000000e+01 -1.029985618591308594e+01 -1.245463848114013672e+00 1.522173881530761719e-01 1.966211199760437012e-01 -8.446093201637268066e-01 4.741362035274505615e-01
-1.875904655456542969e+01 -1.050136947631835938e+01 -1.346542358398437500e+00 1.527738571166992188e-01 1.891392171382904053e-01 -8.476861715316772461e-01 4.715023636817932129e-01
-1.871741104125976562e+01 -1.075170707702636719e+01 -1.338119506835937500e+00 1.533372253179550171e-01 1.818217188119888306e-01 -8.506733775138854980e-01 4.688106179237365723e-01
-1.866941452026367188e+01 -1.099810409545898438e+01 -1.322026968002319336e+00 1.539038419723510742e-01 1.747570037841796875e-01 -8.535410761833190918e-01 4.660913944244384766e-01
-1.861621093750000000e+01 -1.125137519836425781e+01 -1.302344918251037598e+00 1.544698923826217651e-01 1.680348813533782959e-01 -8.562618494033813477e-01 4.633777141571044922e-01
-1.856124877929687500e+01 -1.151243305206298828e+01 -1.281876206398010254e+00 1.550327241420745850e-01 1.617445349693298340e-01 -8.588110208511352539e-01 4.607028365135192871e-01
-1.850271034240722656e+01 -1.178081417083740234e+01 -1.259660601615905762e+00 1.555894464254379272e-01 1.559758931398391724e-01 -8.611654639244079590e-01 4.581019282341003418e-01
-1.844251441955566406e+01 -1.205702209472656250e+01 -1.236660122871398926e+00 1.561379879713058472e-01 1.508189290761947632e-01 -8.633042573928833008e-01 4.556098580360412598e-01
-1.838049697875976562e+01 -1.234101867675781250e+01 -1.212761759757995605e+00 1.566759049892425537e-01 1.463637799024581909e-01 -8.652068972587585449e-01 4.532631337642669678e-01
-1.831975555419921875e+01 -1.261613655090332031e+01 -1.189135074615478516e+00 1.572014093399047852e-01 1.427005231380462646e-01 -8.668538331985473633e-01 4.510972499847412109e-01
-1.826098060607910156e+01 -1.288256454467773438e+01 -1.166113257408142090e+00 1.577122807502746582e-01 1.399188339710235596e-01 -8.682251572608947754e-01 4.491488337516784668e-01
-1.820418930053710938e+01 -1.314031124114990234e+01 -1.143681049346923828e+00 1.582034528255462646e-01 1.380837857723236084e-01 -8.693068623542785645e-01 4.474483728408813477e-01
-1.814921760559082031e+01 -1.338932991027832031e+01 -1.121757745742797852e+00 1.586569249629974365e-01 1.371613889932632446e-01 -8.701092600822448730e-01 4.460095763206481934e-01
-1.809348106384277344e+01 -1.364129352569580078e+01 -1.099310874938964844e+00 1.590511500835418701e-01 1.370924264192581177e-01 -8.706466555595397949e-01 4.448403716087341309e-01
-1.803717231750488281e+01 -1.389625167846679688e+01 -1.076444625854492188e+00 1.593643277883529663e-01 1.378171443939208984e-01 -8.709307312965393066e-01 4.439474344253540039e-01
-1.798029327392578125e+01 -1.415420246124267578e+01 -1.053170800209045410e+00 1.595743000507354736e-01 1.392759680747985840e-01 -8.709713220596313477e-01 4.433364570140838623e-01
-1.792282676696777344e+01 -1.441513729095458984e+01 -1.029495239257812500e+00 1.596583724021911621e-01 1.414084732532501221e-01 -8.707774281501770020e-01 4.430118799209594727e-01
-1.786463737487792969e+01 -1.467902278900146484e+01 -1.005358815193176270e+00 1.595938652753829956e-01 1.441546827554702759e-01 -8.703557252883911133e-01 4.429788589477539062e-01
-1.780586814880371094e+01 -1.494589328765869141e+01 -9.808465242385864258e-01 1.593580842018127441e-01 1.474536657333374023e-01 -8.697127699851989746e-01 4.432402849197387695e-01
-1.774651908874511719e+01 -1.521575164794921875e+01 -9.559692144393920898e-01 1.589276939630508423e-01 1.512453258037567139e-01 -8.688544034957885742e-01 4.438003897666931152e-01
-1.768658256530761719e+01 -1.548859214782714844e+01 -9.307403564453125000e-01 1.582800745964050293e-01 1.554683595895767212e-01 -8.677861690521240234e-01 4.446619451045989990e-01
-1.762604904174804688e+01 -1.576441764831542969e+01 -9.051684141159057617e-01 1.573916971683502197e-01 1.600625216960906982e-01 -8.665128350257873535e-01 4.458286166191101074e-01
-1.756493568420410156e+01 -1.604322433471679688e+01 -8.792657256126403809e-01 1.562397480010986328e-01 1.649667620658874512e-01 -8.650404214859008789e-01 4.473032653331756592e-01
-1.750321769714355469e+01 -1.632501029968261719e+01 -8.530437946319580078e-01 1.548012197017669678e-01 1.701203882694244385e-01 -8.633739948272705078e-01 4.490892291069030762e-01
-1.744090270996093750e+01 -1.660977745056152344e+01 -8.265130519866943359e-01 1.530533134937286377e-01 1.754622161388397217e-01 -8.615190982818603516e-01 4.511899650096893311e-01
-1.737778282165527344e+01 -1.689747428894042969e+01 -7.996764779090881348e-01 1.509730517864227295e-01 1.809315383434295654e-01 -8.594822883605957031e-01 4.536087512969970703e-01
-1.731366157531738281e+01 -1.718805885314941406e+01 -7.725372314453125000e-01 1.485377401113510132e-01 1.864677667617797852e-01 -8.572698831558227539e-01 4.563491046428680420e-01
-1.724990272521972656e+01 -1.747718048095703125e+01 -7.455145120620727539e-01 1.457250118255615234e-01 1.920096576213836670e-01 -8.548885583877563477e-01 4.594148099422454834e-01
-1.718651390075683594e+01 -1.776484107971191406e+01 -7.186187505722045898e-01 1.425121426582336426e-01 1.974968314170837402e-01 -8.523453474044799805e-01 4.628095328807830811e-01
-1.712288093566894531e+01 -1.805089569091796875e+01 -6.918365359306335449e-01 1.388768851757049561e-01 2.028684318065643311e-01 -8.496475219726562500e-01 4.665370583534240723e-01
-1.705878448486328125e+01 -1.833529090881347656e+01 -6.651690602302551270e-01 1.347969621419906616e-01 2.080638110637664795e-01 -8.468021154403686523e-01 4.706010222434997559e-01
-1.699504852294921875e+01 -1.861820793151855469e+01 -6.386535763740539551e-01 1.302664130926132202e-01 2.130292356014251709e-01 -8.438181281089782715e-01 4.749948084354400635e-01
-1.693166923522949219e+01 -1.889963722229003906e+01 -6.122961044311523438e-01 1.253443062305450439e-01 2.177390456199645996e-01 -8.407098650932312012e-01 4.796722531318664551e-01
-1.686571693420410156e+01 -1.917886734008789062e+01 -5.860046148300170898e-01 1.201061308383941650e-01 2.221753001213073730e-01 -8.374948501586914062e-01 4.845772981643676758e-01
-1.679995536804199219e+01 -1.945654296875000000e+01 -5.598834156990051270e-01 1.146281361579895020e-01 2.263199239969253540e-01 -8.341926932334899902e-01 4.896551072597503662e-01
-1.673299789428710938e+01 -1.973228645324707031e+01 -5.338940024375915527e-01 1.089864149689674377e-01 2.301561832427978516e-01 -8.308254480361938477e-01 4.948526322841644287e-01
-1.665967750549316406e+01 -2.000473976135253906e+01 -5.078747272491455078e-01 1.032578200101852417e-01 2.336677312850952148e-01 -8.274174332618713379e-01 5.001174807548522949e-01
-1.658262252807617188e+01 -2.027442741394042969e+01 -4.819323718547821045e-01 9.751938283443450928e-02 2.368388772010803223e-01 -8.239955902099609375e-01 5.053993463516235352e-01
-1.646628952026367188e+01 -2.051281356811523438e+01 -4.567297399044036865e-01 9.184844046831130981e-02 2.396548986434936523e-01 -8.205892443656921387e-01 5.106491446495056152e-01
-1.620574188232421875e+01 -2.060208702087402344e+01 -4.383984208106994629e-01 8.632253110408782959e-02 2.421013712882995605e-01 -8.172303438186645508e-01 5.158197283744812012e-01
-1.593282890319824219e+01 -2.063308143615722656e+01 -4.259606897830963135e-01 8.101941645145416260e-02 2.441650629043579102e-01 -8.139528632164001465e-01 5.208645462989807129e-01
-1.565969181060791016e+01 -2.063919448852539062e+01 -4.164825379848480225e-01 7.680191844701766968e-02 2.446219027042388916e-01 -8.111591935157775879e-01 5.256255269050598145e-01
-1.537965297698974609e+01 -2.063758659362792969e+01 -4.075414836406707764e-01 7.345065474510192871e-02 2.439563870429992676e-01 -8.087413311004638672e-01 5.301204919815063477e-01
-1.509276103973388672e+01 -2.063521957397460938e+01 -3.978759646415710449e-01 7.029139250516891479e-02 2.433123886585235596e-01 -8.063874244689941406e-01 5.344132184982299805e-01
-1.479904270172119141e+01 -2.063779067993164062e+01 -3.865423500537872314e-01 6.736961752176284790e-02 2.427087724208831787e-01 -8.041251301765441895e-01 5.384574532508850098e-01
-1.450630378723144531e+01 -2.065480232238769531e+01 -3.719964623451232910e-01 6.473023444414138794e-02 2.421652972698211670e-01 -8.019835948944091797e-01 5.422068834304809570e-01
-1.421880054473876953e+01 -2.070705223083496094e+01 -3.507702648639678955e-01 6.241749972105026245e-02 2.417025268077850342e-01 -7.999914884567260742e-01 5.456166863441467285e-01
-1.394520473480224609e+01 -2.080830001831054688e+01 -3.245904445648193359e-01 6.047592312097549438e-02 2.413420677185058594e-01 -7.981774210929870605e-01 5.486431717872619629e-01
-1.368143558502197266e+01 -2.093347358703613281e+01 -3.011090159416198730e-01 5.895080417394638062e-02 2.411064058542251587e-01 -7.965696454048156738e-01 5.512433648109436035e-01
-1.341718482971191406e+01 -2.105750656127929688e+01 -2.823370397090911865e-01 5.788867920637130737e-02 2.410185933113098145e-01 -7.951940894126892090e-01 5.533760786056518555e-01
-1.315004825592041016e+01 -2.117471313476562500e+01 -2.673120200634002686e-01 5.733784288167953491e-02 2.411024570465087891e-01 -7.940747141838073730e-01 5.550019741058349609e-01
-1.288094425201416016e+01 -2.128573417663574219e+01 -2.553186118602752686e-01 5.957743525505065918e-02 2.381707131862640381e-01 -7.941933870315551758e-01 5.558615922927856445e-01
-1.261099338531494141e+01 -2.139359664916992188e+01 -2.442346066236495972e-01 6.278080493211746216e-02 2.347834706306457520e-01 -7.947434782981872559e-01 5.561637282371520996e-01
-1.234074687957763672e+01 -2.149958038330078125e+01 -2.333715707063674927e-01 6.683608144521713257e-02 2.310057878494262695e-01 -7.956672906875610352e-01 5.559523105621337891e-01
-1.207050228118896484e+01 -2.160437011718750000e+01 -2.220141589641571045e-01 7.163202762603759766e-02 2.269014418125152588e-01 -7.969062328338623047e-01 5.552701950073242188e-01
-1.180061054229736328e+01 -2.170884895324707031e+01 -2.097503542900085449e-01 7.705666869878768921e-02 2.225355803966522217e-01 -7.984020709991455078e-01 5.541608929634094238e-01
-1.153121089935302734e+01 -2.181338310241699219e+01 -1.963360607624053955e-01 8.299835026264190674e-02 2.179730534553527832e-01 -8.000979423522949219e-01 5.526683926582336426e-01
-1.126242923736572266e+01 -2.191828346252441406e+01 -1.814794838428497314e-01 8.934520184993743896e-02 2.132796645164489746e-01 -8.019386529922485352e-01 5.508388876914978027e-01
-1.099468040466308594e+01 -2.202437782287597656e+01 -1.640051305294036865e-01 9.598617255687713623e-02 2.085219025611877441e-01 -8.038730025291442871e-01 5.487198233604431152e-01
-1.072834491729736328e+01 -2.213238143920898438e+01 -1.431658864021301270e-01 1.028094142675399780e-01 2.037677466869354248e-01 -8.058518767356872559e-01 5.463622808456420898e-01
-1.046383762359619141e+01 -2.224294471740722656e+01 -1.181738227605819702e-01 1.097046434879302979e-01 1.990856081247329712e-01 -8.078309893608093262e-01 5.438188314437866211e-01
-1.020123004913330078e+01 -2.235591316223144531e+01 -8.842101693153381348e-02 1.165610700845718384e-01 1.945455670356750488e-01 -8.097698688507080078e-01 5.411453247070312500e-01
